Results
-------
Number of Eigenvalues =             300

Exact:               Numerical:          Exact versus numerical eigenvalues:

3.92161823E-01       1.71579479E+01          1.67657861E+01
1.56860457E+00       3.65802041E+01          3.50115995E+01
3.52920009E+00       5.61952822E+01          5.26660821E+01
6.27373481E+00       7.58954039E+01          6.96216691E+01
9.80190975E+00       9.56413669E+01          8.58394572E+01
1.41133406E+01       1.15414662E+02          1.01301321E+02
1.92075576E+01       1.35205105E+02          1.15997547E+02
2.50840060E+01       1.55006496E+02          1.29922490E+02
3.17420455E+01       1.74814780E+02          1.43072735E+02
3.91809508E+01       1.94627158E+02          1.55446207E+02
4.73999117E+01       2.14441613E+02          1.67041701E+02
5.63980327E+01       2.34256644E+02          1.77858611E+02
6.61743338E+01       2.54071102E+02          1.87896768E+02
7.67277499E+01       2.73884087E+02          1.97156337E+02
8.80571313E+01       2.93694881E+02          2.05637750E+02
1.00161244E+02       3.13502901E+02          2.13341657E+02
1.13038769E+02       3.33307665E+02          2.20268895E+02
1.26688305E+02       3.53108773E+02          2.26420468E+02
1.41108363E+02       3.72905886E+02          2.31797523E+02
1.56297374E+02       3.92698715E+02          2.36401342E+02
1.72253682E+02       4.12487014E+02          2.40233332E+02
1.88975549E+02       4.32270566E+02          2.43295017E+02
2.06461154E+02       4.52049190E+02          2.45588036E+02
2.24708593E+02       4.71822771E+02          2.47114178E+02
2.43715876E+02       4.91591522E+02          2.47875645E+02
2.63480934E+02       5.11357462E+02          2.47876527E+02
2.84001614E+02       5.31130802E+02          2.47129187E+02
3.05275681E+02       5.50950115E+02          2.45674434E+02
3.27300816E+02       5.70922862E+02          2.43622047E+02
3.50074620E+02       5.91258394E+02          2.41183774E+02
3.73594613E+02       6.12227542E+02          2.38632929E+02
3.97858233E+02       6.34054879E+02          2.36196646E+02
4.22862836E+02       6.56853596E+02          2.33990760E+02
4.48605699E+02       6.80645432E+02          2.32039733E+02
4.75084017E+02       7.05408000E+02          2.30323982E+02
5.02294906E+02       7.31106282E+02          2.28811376E+02
5.30235402E+02       7.57705887E+02          2.27470485E+02
5.58902461E+02       7.85176869E+02          2.26274408E+02
5.88292960E+02       8.13494041E+02          2.25201082E+02
6.18403697E+02       8.42636290E+02          2.24232592E+02
6.49231393E+02       8.72585753E+02          2.23354359E+02
6.80772690E+02       9.03327116E+02          2.22554426E+02
7.13024151E+02       9.34847048E+02          2.21822897E+02
7.45982263E+02       9.67133772E+02          2.21151509E+02
7.79643437E+02       1.00017673E+03          2.20533297E+02
8.14004004E+02       1.03396635E+03          2.19962347E+02
8.49060222E+02       1.06849382E+03          2.19433596E+02
8.84808273E+02       1.10375096E+03          2.18942685E+02
9.21244261E+02       1.13973009E+03          2.18485833E+02
9.58364219E+02       1.17642396E+03          2.18059745E+02
9.96164102E+02       1.21382563E+03          2.17661533E+02
1.03463979E+03       1.25192845E+03          2.17288657E+02
1.07378710E+03       1.29072597E+03          2.16938870E+02
1.11360176E+03       1.33021194E+03          2.16610180E+02
1.15407943E+03       1.37038024E+03          2.16300810E+02
1.19521571E+03       1.41122489E+03          2.16009175E+02
1.23700611E+03       1.45273997E+03          2.15733851E+02
1.27944609E+03       1.49491965E+03          2.15473560E+02
1.32253101E+03       1.53775816E+03          2.15227149E+02
1.36625619E+03       1.58124977E+03          2.14993575E+02
1.41061686E+03       1.62538876E+03          2.14771895E+02
1.45560819E+03       1.67016944E+03          2.14561251E+02
1.50122528E+03       1.71558615E+03          2.14360863E+02
1.54746316E+03       1.76163318E+03          2.14170020E+02
1.59431679E+03       1.80830486E+03          2.13988071E+02
1.64178107E+03       1.85559549E+03          2.13814421E+02
1.68985083E+03       1.90349936E+03          2.13648526E+02
1.73852083E+03       1.95201072E+03          2.13489884E+02
1.78778577E+03       2.00112381E+03          2.13338035E+02
1.83764028E+03       2.05083284E+03          2.13192555E+02
1.88807894E+03       2.10113199E+03          2.13053051E+02
1.93909624E+03       2.15201541E+03          2.12919163E+02
1.99068664E+03       2.20347719E+03          2.12790557E+02
2.04284450E+03       2.25551142E+03          2.12666922E+02
2.09556415E+03       2.30811213E+03          2.12547973E+02
2.14883985E+03       2.36127330E+03          2.12433442E+02
2.20266579E+03       2.41498888E+03          2.12323082E+02
2.25703611E+03       2.46925278E+03          2.12216663E+02
2.31194489E+03       2.52405886E+03          2.12113971E+02
2.36738614E+03       2.57940095E+03          2.12014805E+02
2.42335383E+03       2.63527281E+03          2.11918981E+02
2.47984185E+03       2.69166817E+03          2.11826323E+02
2.53684406E+03       2.74858073E+03          2.11736669E+02
2.59435424E+03       2.80600411E+03          2.11649868E+02
2.65236614E+03       2.86393192E+03          2.11565777E+02
2.71087343E+03       2.92235769E+03          2.11484263E+02
2.76986973E+03       2.98127493E+03          2.11405201E+02
2.82934863E+03       3.04067710E+03          2.11328473E+02
2.88930363E+03       3.10055760E+03          2.11253970E+02
2.94972822E+03       3.16090981E+03          2.11181588E+02
3.01061581E+03       3.22172704E+03          2.11111231E+02
3.07195976E+03       3.28300257E+03          2.11042806E+02
3.13375340E+03       3.34472962E+03          2.10976227E+02
3.19598998E+03       3.40690140E+03          2.10911414E+02
3.25866274E+03       3.46951103E+03          2.10848290E+02
3.32176485E+03       3.53255163E+03          2.10786783E+02
3.38528942E+03       3.59601625E+03          2.10726825E+02
3.44922955E+03       3.65989790E+03          2.10668351E+02
3.51357826E+03       3.72418956E+03          2.10611301E+02
3.57832855E+03       3.78888417E+03          2.10555618E+02
3.64347336E+03       3.85397461E+03          2.10501246E+02
3.70900560E+03       3.91945373E+03          2.10448135E+02
3.77491812E+03       3.98531436E+03          2.10396235E+02
3.84120375E+03       4.05154925E+03          2.10345501E+02
3.90785527E+03       4.11815116E+03          2.10295888E+02
3.97486542E+03       4.18511277E+03          2.10247354E+02
4.04222689E+03       4.25242675E+03          2.10199861E+02
4.10993235E+03       4.32008572E+03          2.10153370E+02
4.17797442E+03       4.38808226E+03          2.10107846E+02
4.24634569E+03       4.45640895E+03          2.10063254E+02
4.31503872E+03       4.52505828E+03          2.10019562E+02
4.38404601E+03       4.59402275E+03          2.09976739E+02
4.45336006E+03       4.66329482E+03          2.09934755E+02
4.52297331E+03       4.73286689E+03          2.09893582E+02
4.59287818E+03       4.80273137E+03          2.09853192E+02
4.66306705E+03       4.87288061E+03          2.09813560E+02
4.73353228E+03       4.94330695E+03          2.09774661E+02
4.80426620E+03       5.01400267E+03          2.09736471E+02
4.87526109E+03       5.08496005E+03          2.09698967E+02
4.94650922E+03       5.15617134E+03          2.09662127E+02
5.01800283E+03       5.22762876E+03          2.09625929E+02
5.08973414E+03       5.29932449E+03          2.09590354E+02
5.16169532E+03       5.37125070E+03          2.09555381E+02
5.23387855E+03       5.44339954E+03          2.09520991E+02
5.30627595E+03       5.51576312E+03          2.09487166E+02
5.37887965E+03       5.58833354E+03          2.09453888E+02
5.45168172E+03       5.66110286E+03          2.09421140E+02
5.52467425E+03       5.73406315E+03          2.09388904E+02
5.59784928E+03       5.80720644E+03          2.09357164E+02
5.67119883E+03       5.88052473E+03          2.09325904E+02
5.74471492E+03       5.95401003E+03          2.09295109E+02
5.81838955E+03       6.02765431E+03          2.09264763E+02
5.89221467E+03       6.10144952E+03          2.09234850E+02
5.96618226E+03       6.17538762E+03          2.09205357E+02
6.04028426E+03       6.24946052E+03          2.09176268E+02
6.11451258E+03       6.32366015E+03          2.09147570E+02
6.18885915E+03       6.39797840E+03          2.09119248E+02
6.26331587E+03       6.47240716E+03          2.09091288E+02
6.33787463E+03       6.54693831E+03          2.09063677E+02
6.41252730E+03       6.62156370E+03          2.09036401E+02
6.48726575E+03       6.69627520E+03          2.09009446E+02
6.56208185E+03       6.77106465E+03          2.08982799E+02
6.63696743E+03       6.84592388E+03          2.08956446E+02
6.71191435E+03       6.92084472E+03          2.08930374E+02
6.78691444E+03       6.99581901E+03          2.08904570E+02
6.86195952E+03       7.07083854E+03          2.08879019E+02
6.93704143E+03       7.14589514E+03          2.08853710E+02
7.01215199E+03       7.22098062E+03          2.08828627E+02
7.08728301E+03       7.29608677E+03          2.08803758E+02
7.16242630E+03       7.37120539E+03          2.08779089E+02
7.23757370E+03       7.44632830E+03          2.08754606E+02
7.31271699E+03       7.52144729E+03          2.08730295E+02
7.38784801E+03       7.59655415E+03          2.08706142E+02
7.46295857E+03       7.67164070E+03          2.08682133E+02
7.53804048E+03       7.74669873E+03          2.08658254E+02
7.61308556E+03       7.82172005E+03          2.08634490E+02
7.68808565E+03       7.89669648E+03          2.08610826E+02
7.76303257E+03       7.97161982E+03          2.08587248E+02
7.83791815E+03       8.04648189E+03          2.08563739E+02
7.91273425E+03       8.12127453E+03          2.08540285E+02
7.98747270E+03       8.19598957E+03          2.08516870E+02
8.06212537E+03       8.27061885E+03          2.08493477E+02
8.13668413E+03       8.34515422E+03          2.08470091E+02
8.21114085E+03       8.41958754E+03          2.08446694E+02
8.28548742E+03       8.49391069E+03          2.08423269E+02
8.35971574E+03       8.56811554E+03          2.08399799E+02
8.43381774E+03       8.64219400E+03          2.08376267E+02
8.50778533E+03       8.71613798E+03          2.08352653E+02
8.58161045E+03       8.78993939E+03          2.08328938E+02
8.65528508E+03       8.86359018E+03          2.08305105E+02
8.72880117E+03       8.93708230E+03          2.08281133E+02
8.80215072E+03       9.01040773E+03          2.08257001E+02
8.87532575E+03       9.08355844E+03          2.08232690E+02
8.94831828E+03       9.15652645E+03          2.08208177E+02
9.02112035E+03       9.22930380E+03          2.08183442E+02
9.09372405E+03       9.30188251E+03          2.08158461E+02
9.16612145E+03       9.37425466E+03          2.08133212E+02
9.23830468E+03       9.44641235E+03          2.08107670E+02
9.31026586E+03       9.51834767E+03          2.08081811E+02
9.38199717E+03       9.59005278E+03          2.08055610E+02
9.45349078E+03       9.66151982E+03          2.08029041E+02
9.52473891E+03       9.73274099E+03          2.08002077E+02
9.59573380E+03       9.80370849E+03          2.07974690E+02
9.66646772E+03       9.87441457E+03          2.07946852E+02
9.73693295E+03       9.94485148E+03          2.07918534E+02
9.80712182E+03       1.00150115E+04          2.07889704E+02
9.87702669E+03       1.00848870E+04          2.07860331E+02
9.94663994E+03       1.01544703E+04          2.07830383E+02
1.00159540E+04       1.02237538E+04          2.07799826E+02
1.00849613E+04       1.02927299E+04          2.07768625E+02
1.01536543E+04       1.03613911E+04          2.07736744E+02
1.02220256E+04       1.04297297E+04          2.07704145E+02
1.02900677E+04       1.04977384E+04          2.07670789E+02
1.03577731E+04       1.05654097E+04          2.07636636E+02
1.04251346E+04       1.06327362E+04          2.07601644E+02
1.04921447E+04       1.06997105E+04          2.07565770E+02
1.05587962E+04       1.07663252E+04          2.07528967E+02
1.06250819E+04       1.08325731E+04          2.07491190E+02
1.06909944E+04       1.08984468E+04          2.07452388E+02
1.07565266E+04       1.09639392E+04          2.07412511E+02
1.08216715E+04       1.10290430E+04          2.07371506E+02
1.08864217E+04       1.10937511E+04          2.07329317E+02
1.09507705E+04       1.11580563E+04          2.07285885E+02
1.10147106E+04       1.12219517E+04          2.07241152E+02
1.10782352E+04       1.12854302E+04          2.07195053E+02
1.11413373E+04       1.13484848E+04          2.07147522E+02
1.12040100E+04       1.14111085E+04          2.07098491E+02
1.12662466E+04       1.14732945E+04          2.07047887E+02
1.13280402E+04       1.15350359E+04          2.06995633E+02
1.13893842E+04       1.15963258E+04          2.06941651E+02
1.14502718E+04       1.16571576E+04          2.06885858E+02
1.15106964E+04       1.17175245E+04          2.06828165E+02
1.15706514E+04       1.17774199E+04          2.06768481E+02
1.16301303E+04       1.18368370E+04          2.06706709E+02
1.16891266E+04       1.18957693E+04          2.06642747E+02
1.17476339E+04       1.19542103E+04          2.06576489E+02
1.18056458E+04       1.20121536E+04          2.06507820E+02
1.18631559E+04       1.20695926E+04          2.06436622E+02
1.19201581E+04       1.21265209E+04          2.06362770E+02
1.19766462E+04       1.21829323E+04          2.06286130E+02
1.20326139E+04       1.22388204E+04          2.06206561E+02
1.20880551E+04       1.22941790E+04          2.06123916E+02
1.21429639E+04       1.23490019E+04          2.06038036E+02
1.21973342E+04       1.24032830E+04          2.05948756E+02
1.22511601E+04       1.24570160E+04          2.05855896E+02
1.23044358E+04       1.25101951E+04          2.05759270E+02
1.23571555E+04       1.25628142E+04          2.05658678E+02
1.24093134E+04       1.26148673E+04          2.05553906E+02
1.24609038E+04       1.26663485E+04          2.05444728E+02
1.25119211E+04       1.27172520E+04          2.05330902E+02
1.25623597E+04       1.27675719E+04          2.05212171E+02
1.26122142E+04       1.28173025E+04          2.05088259E+02
1.26614792E+04       1.28664380E+04          2.04958872E+02
1.27101492E+04       1.29149729E+04          2.04823694E+02
1.27582189E+04       1.29629013E+04          2.04682387E+02
1.28056832E+04       1.30102178E+04          2.04534590E+02
1.28525368E+04       1.30569167E+04          2.04379912E+02
1.28987747E+04       1.31029927E+04          2.04217934E+02
1.29443918E+04       1.31484400E+04          2.04048206E+02
1.29893831E+04       1.31932534E+04          2.03870243E+02
1.30337438E+04       1.32374273E+04          2.03683518E+02
1.30774690E+04       1.32809565E+04          2.03487465E+02
1.31205539E+04       1.33238354E+04          2.03281471E+02
1.31629939E+04       1.33660588E+04          2.03064870E+02
1.32047843E+04       1.34076212E+04          2.02836941E+02
1.32459206E+04       1.34485175E+04          2.02596897E+02
1.32863982E+04       1.34887421E+04          2.02343884E+02
1.33262129E+04       1.35282899E+04          2.02076971E+02
1.33653602E+04       1.35671553E+04          2.01795139E+02
1.34038359E+04       1.36053332E+04          2.01497274E+02
1.34416358E+04       1.36428179E+04          2.01182153E+02
1.34787557E+04       1.36796042E+04          2.00848434E+02
1.35151917E+04       1.37156864E+04          2.00494639E+02
1.35509398E+04       1.37510589E+04          2.00119138E+02
1.35859960E+04       1.37857161E+04          1.99720128E+02
1.36203566E+04       1.38196522E+04          1.99295611E+02
1.36540177E+04       1.38528611E+04          1.98843365E+02
1.36869758E+04       1.38853368E+04          1.98360917E+02
1.37192273E+04       1.39170728E+04          1.97845501E+02
1.37507686E+04       1.39480626E+04          1.97294016E+02
1.37815963E+04       1.39782993E+04          1.96702976E+02
1.38117070E+04       1.40077755E+04          1.96068441E+02
1.38410975E+04       1.40364835E+04          1.95385950E+02
1.38697646E+04       1.40644150E+04          1.94650420E+02
1.38977051E+04       1.40915611E+04          1.93856040E+02
1.39249160E+04       1.41179121E+04          1.92996122E+02
1.39513943E+04       1.41434572E+04          1.92062932E+02
1.39771372E+04       1.41681846E+04          1.91047460E+02
1.40021418E+04       1.41920809E+04          1.89939126E+02
1.40264054E+04       1.42151308E+04          1.88725404E+02
1.40499254E+04       1.42373167E+04          1.87391300E+02
1.40726992E+04       1.42586178E+04          1.85918650E+02
1.40947243E+04       1.42790094E+04          1.84285111E+02
1.41159984E+04       1.42984611E+04          1.82462691E+02
1.41365191E+04       1.43169345E+04          1.80415483E+02
1.41562841E+04       1.43343801E+04          1.78095956E+02
1.41752914E+04       1.43507298E+04          1.75438379E+02
1.41935388E+04       1.43658843E+04          1.72345491E+02
1.42110245E+04       1.43796797E+04          1.68655207E+02
1.42277463E+04       1.43918121E+04          1.64065826E+02
1.42437026E+04       1.44022387E+04          1.58536050E+02
1.42588916E+04       1.44128709E+04          1.53979300E+02
1.42733117E+04       1.44254022E+04          1.52090505E+02
1.42869612E+04       1.44397045E+04          1.52743220E+02
1.42998388E+04       1.44555248E+04          1.55686005E+02
1.43119429E+04       1.44727557E+04          1.60812827E+02
1.43232723E+04       1.44913616E+04          1.68089334E+02
1.43338257E+04       1.45113489E+04          1.77523191E+02
1.43436020E+04       1.45327558E+04          1.89153839E+02
1.43526001E+04       1.45556500E+04          2.03049873E+02
1.43608190E+04       1.45801299E+04          2.19310856E+02
1.43682580E+04       1.46063310E+04          2.38072997E+02
1.43749160E+04       1.46344356E+04          2.59519598E+02
1.43807924E+04       1.46646912E+04          2.83898732E+02
1.43858867E+04       1.46974402E+04          3.11553494E+02
1.43901981E+04       1.47331746E+04          3.42976511E+02
1.43937263E+04       1.47726433E+04          3.78917038E+02
1.43964708E+04       1.48170913E+04          4.20620514E+02
1.43984314E+04       1.48689181E+04          4.70486731E+02
1.43996078E+04       1.49343362E+04          5.34728324E+02
