<<<<<<< HEAD
  -1.4758e-02
  -2.9197e-02
  -4.5897e-02
  -6.3882e-02
  -8.2609e-02
  -1.0163e-01
  -1.2052e-01
  -1.3891e-01
  -1.5642e-01
  -1.7273e-01
  -1.8754e-01
  -2.0061e-01
  -2.1173e-01
  -2.2076e-01
  -2.2759e-01
  -2.3219e-01
  -2.3456e-01
  -2.3476e-01
  -2.3288e-01
  -2.2906e-01
  -2.2347e-01
  -2.1631e-01
  -2.0779e-01
  -1.9813e-01
  -1.8756e-01
  -1.7630e-01
  -1.6458e-01
  -1.5261e-01
  -1.4057e-01
  -1.2863e-01
  -1.1696e-01
  -1.0567e-01
  -9.4882e-02
  -8.4667e-02
  -7.5093e-02
  -6.6200e-02
  -5.8012e-02
  -5.0537e-02
  -4.3767e-02
  -3.7684e-02
  -3.2259e-02
  -2.7457e-02
  -2.3237e-02
  -1.9555e-02
  -1.6364e-02
  -1.3617e-02
  -1.1268e-02
  -9.2730e-03
  -7.5892e-03
  -6.1772e-03
  -5.0005e-03
  -4.0260e-03
  -3.2239e-03
  -2.5677e-03
  -2.0341e-03
  -1.6028e-03
  -1.2562e-03
  -9.7931e-04
  -7.5942e-04
  -5.8580e-04
  -4.4950e-04
  -3.4310e-04
  -2.6051e-04
  -1.9677e-04
  -1.4786e-04
  -1.1052e-04
  -8.2187e-05
  -6.0800e-05
  -4.4747e-05
  -3.2762e-05
  -2.3864e-05
  -1.7294e-05
  -1.2468e-05
  -8.9433e-06
  -6.3821e-06
  -4.5313e-06
  -3.2008e-06
  -2.2495e-06
  -1.5730e-06
  -1.0943e-06
  -7.5748e-07
  -5.2168e-07
  -3.5747e-07
  -2.4372e-07
  -1.6534e-07
  -1.1160e-07
  -7.4948e-08
  -5.0083e-08
  -3.3300e-08
  -2.2031e-08
  -1.4503e-08
  -9.4988e-09
  -6.1900e-09
  -4.0127e-09
  -2.5869e-09
  -1.6570e-09
  -1.0523e-09
  -6.5894e-10
  -4.0098e-10
  -2.2727e-10
  -1.0239e-10
=======
  -0.0011
  -0.0021
  -0.0032
  -0.0043
  -0.0055
  -0.0066
  -0.0078
  -0.0090
  -0.0102
  -0.0115
  -0.0127
  -0.0140
  -0.0152
  -0.0165
  -0.0178
  -0.0191
  -0.0204
  -0.0217
  -0.0230
  -0.0244
  -0.0257
  -0.0271
  -0.0284
  -0.0298
  -0.0311
  -0.0325
  -0.0339
  -0.0352
  -0.0366
  -0.0379
  -0.0393
  -0.0407
  -0.0420
  -0.0434
  -0.0447
  -0.0461
  -0.0474
  -0.0488
  -0.0501
  -0.0514
  -0.0527
  -0.0540
  -0.0553
  -0.0566
  -0.0579
  -0.0591
  -0.0604
  -0.0616
  -0.0628
  -0.0640
  -0.0652
  -0.0664
  -0.0676
  -0.0687
  -0.0698
  -0.0710
  -0.0720
  -0.0731
  -0.0742
  -0.0752
  -0.0762
  -0.0772
  -0.0782
  -0.0791
  -0.0801
  -0.0810
  -0.0819
  -0.0827
  -0.0835
  -0.0844
  -0.0851
  -0.0859
  -0.0867
  -0.0874
  -0.0881
  -0.0887
  -0.0894
  -0.0900
  -0.0906
  -0.0911
  -0.0917
  -0.0922
  -0.0926
  -0.0931
  -0.0935
  -0.0939
  -0.0943
  -0.0947
  -0.0950
  -0.0953
  -0.0955
  -0.0958
  -0.0960
  -0.0962
  -0.0964
  -0.0965
  -0.0966
  -0.0967
  -0.0968
  -0.0968
  -0.0968
  -0.0968
  -0.0968
  -0.0967
  -0.0966
  -0.0965
  -0.0964
  -0.0962
  -0.0960
  -0.0958
  -0.0956
  -0.0953
  -0.0950
  -0.0948
  -0.0944
  -0.0941
  -0.0937
  -0.0934
  -0.0930
  -0.0925
  -0.0921
  -0.0917
  -0.0912
  -0.0907
  -0.0902
  -0.0897
  -0.0891
  -0.0886
  -0.0880
  -0.0874
  -0.0868
  -0.0862
  -0.0855
  -0.0849
  -0.0842
  -0.0836
  -0.0829
  -0.0822
  -0.0815
  -0.0808
  -0.0801
  -0.0793
  -0.0786
  -0.0778
  -0.0771
  -0.0763
  -0.0755
  -0.0747
  -0.0739
  -0.0731
  -0.0723
  -0.0715
  -0.0707
  -0.0699
  -0.0691
  -0.0683
  -0.0674
  -0.0666
  -0.0658
  -0.0649
  -0.0641
  -0.0633
  -0.0624
  -0.0616
  -0.0607
  -0.0599
  -0.0591
  -0.0582
  -0.0574
  -0.0565
  -0.0557
  -0.0549
  -0.0540
  -0.0532
  -0.0524
  -0.0516
  -0.0508
  -0.0499
  -0.0491
  -0.0483
  -0.0475
  -0.0467
  -0.0459
  -0.0451
  -0.0444
  -0.0436
  -0.0428
  -0.0421
  -0.0413
  -0.0405
  -0.0398
  -0.0391
  -0.0383
  -0.0376
  -0.0369
  -0.0362
  -0.0355
  -0.0348
  -0.0341
  -0.0334
  -0.0327
  -0.0321
  -0.0314
  -0.0308
  -0.0301
  -0.0295
  -0.0289
  -0.0282
  -0.0276
  -0.0270
  -0.0264
  -0.0259
  -0.0253
  -0.0247
  -0.0241
  -0.0236
  -0.0230
  -0.0225
  -0.0220
  -0.0215
  -0.0210
  -0.0205
  -0.0200
  -0.0195
  -0.0190
  -0.0185
  -0.0181
  -0.0176
  -0.0172
  -0.0167
  -0.0163
  -0.0159
  -0.0155
  -0.0150
  -0.0146
  -0.0143
  -0.0139
  -0.0135
  -0.0131
  -0.0128
  -0.0124
  -0.0120
  -0.0117
  -0.0114
  -0.0110
  -0.0107
  -0.0104
  -0.0101
  -0.0098
  -0.0095
  -0.0092
  -0.0089
  -0.0086
  -0.0084
  -0.0081
  -0.0078
  -0.0076
  -0.0073
  -0.0071
  -0.0068
  -0.0066
  -0.0064
  -0.0061
  -0.0059
  -0.0057
  -0.0055
  -0.0053
  -0.0051
  -0.0049
  -0.0047
  -0.0045
  -0.0043
  -0.0041
  -0.0039
  -0.0038
  -0.0036
  -0.0034
  -0.0033
  -0.0031
  -0.0029
  -0.0028
  -0.0026
  -0.0025
  -0.0023
  -0.0022
  -0.0020
  -0.0019
  -0.0017
  -0.0016
  -0.0015
  -0.0013
  -0.0012
  -0.0010
  -0.0009
  -0.0008
  -0.0007
  -0.0005
  -0.0004
  -0.0003
  -0.0001
>>>>>>> 2257bc20a4f19a9ed33aa3adca5a20aa7bc99fd5

