<<<<<<< HEAD
   5.2703e-11
   4.3700e-17
  -2.5140e-11
  -4.8240e-09
  -3.1566e-13
  -1.0127e-14
  -8.4557e-12
   8.7498e-14
   1.4477e-15
  -8.0087e-13
  -2.1111e-11
  -1.8682e-15
  -1.2164e-13
  -1.4743e-10
   6.0089e-15
  -2.6492e-11
   1.3588e-16
   4.5196e-14
   3.0588e-15
   5.0203e-15
   4.0580e-11
   4.7874e-11
  -2.3708e-14
   9.3010e-13
  -1.2777e-15
   1.2584e-10
   6.3101e-15
  -5.8361e-12
  -1.2158e-11
   1.1113e-12
   4.2430e-16
   4.9681e-10
   4.5392e-14
  -1.7982e-08
  -1.4928e-14
  -7.3085e-13
   1.3117e-10
  -2.0449e-14
   1.4720e-12
  -1.2422e-15
  -7.6064e-16
   2.0819e-09
  -7.6874e-19
   1.8534e-11
   1.8877e-16
   2.1656e-06
   1.6013e-14
   8.5472e-12
   2.6015e-17
  -5.3515e-12
   4.5891e-12
  -3.1537e-15
   2.1202e-11
  -4.3140e-09
  -9.4501e-16
  -9.3598e-12
  -2.2616e-15
   4.4261e-15
   1.0742e-10
   1.6734e-15
  -1.2380e-15
   6.6542e-13
   4.1402e-12
   8.9832e-13
   7.7087e-14
   4.5702e-11
   1.3909e-11
   6.0004e-15
  -4.0707e-15
  -4.5187e-14
  -1.7725e-14
  -1.5357e-12
   5.2986e-18
   5.7992e-14
  -1.7478e-13
   2.6974e-12
  -7.8697e-16
   3.2601e-14
  -1.2972e-09
   3.5744e-17
   1.1535e-09
   9.3574e-18
  -4.2903e-12
   7.2631e-17
   4.7784e-10
   4.1021e-10
   6.1225e-09
  -7.4015e-15
  -1.3879e-15
  -4.5774e-15
   1.7295e-09
   1.3328e-11
   1.3434e-11
  -3.3975e-12
  -5.0360e-09
   1.4566e-15
   2.4772e-10
  -1.5265e-10
   1.8140e-10
   1.0989e-11
   2.9535e-15
   1.9875e-11
  -7.1416e-14
   1.6575e-11
  -5.7481e-14
  -2.4151e-11
  -1.0000e+00
   6.8259e-12
   1.3753e-15
   1.4994e-10
   4.6026e-14
   7.6514e-16
  -5.3515e-15
   2.3920e-17
   7.4526e-13
   3.7319e-16
   1.0821e-10
   2.3252e-13
  -3.3401e-10
   3.5081e-15
  -2.3854e-16
   1.3478e-11
  -5.1722e-09
   1.1687e-14
  -1.0265e-12
  -6.8423e-13
  -9.0286e-15
   1.4651e-13
   8.8716e-11
  -1.8596e-14
   2.0979e-09
  -7.3653e-11
   1.0423e-09
   6.9554e-11
  -3.4090e-10
   1.2076e-11
   3.1050e-12
   4.4874e-14
  -6.6679e-12
   1.0717e-11
   1.0335e-11
  -1.6513e-16
  -4.2203e-12
  -3.4714e-17
   1.2592e-11
   1.8547e-15
  -1.1008e-14
  -2.5845e-15
  -4.7220e-12
   1.0705e-16
   1.9368e-11
  -6.3591e-16
  -1.7030e-15
  -2.9623e-12
   1.1772e-09
   3.3558e-13
  -5.1235e-11
  -6.5201e-16
   4.7108e-16
  -1.0784e-15
  -9.8213e-12
   9.3677e-13
  -5.0157e-13
   1.3299e-15
   9.1002e-12
  -3.8544e-15
   4.0624e-10
   5.2438e-12
   3.5392e-12
  -2.7396e-11
  -2.5035e-13
  -3.1089e-17
  -9.3511e-13
  -4.4332e-13
  -2.3879e-09
  -1.6719e-10
  -3.7916e-12
  -2.9083e-17
  -5.2506e-13
   3.7640e-10
   3.1218e-16
   5.6030e-11
  -5.8386e-12
  -6.8611e-10
  -1.1591e-14
  -4.8388e-14
   8.3755e-08
   4.4140e-13
  -2.9303e-11
  -8.7749e-17
  -2.8588e-08
   4.5517e-12
   1.1978e-14
  -3.3694e-16
  -3.1109e-09
  -5.7593e-10
  -1.3346e-11
   9.7197e-16
  -8.3146e-13
   1.3493e-15
  -5.8759e-15
   1.6484e-15
   1.0169e-14
   1.3166e-14
  -2.6533e-11
   8.1050e-16
  -2.7778e-14
  -7.8867e-13
  -9.5258e-13
  -1.4203e-16
  -1.9181e-12
  -5.4968e-12
  -5.1201e-15
  -2.9601e-14
  -5.4158e-11
  -1.0109e-11
  -3.8494e-16
  -6.8464e-12
   8.1504e-10
  -1.4358e-14
   6.1849e-13
  -8.6376e-11
   1.0321e-10
  -8.0698e-13
  -8.4293e-11
   9.6416e-11
  -2.6915e-14
  -3.4040e-10
  -7.3567e-12
   4.3186e-14
  -2.4302e-15
   5.8346e-17
   5.3820e-12
   1.5815e-10
   4.1654e-14
   1.2835e-10
  -1.9478e-09
  -5.6159e-14
  -4.6965e-10
  -6.2140e-10
  -6.3228e-11
  -4.8832e-17
   1.2359e-14
   1.7751e-15
   6.6619e-12
   4.7538e-16
  -1.0421e-11
  -1.6228e-16
  -8.5288e-12
   2.2841e-12
  -6.3578e-12
   9.9156e-16
   3.6338e-16
   7.6126e-12
  -5.8139e-11
   4.1336e-11
   1.8432e-15
   6.2212e-16
   1.7038e-15
  -4.6690e-13
   4.5578e-15
  -9.3023e-11
   1.6749e-15
   2.2420e-16
   8.9666e-10
  -1.1526e-15
   3.6960e-14
  -3.0804e-14
   6.5638e-10
   2.8956e-16
   9.6489e-11
  -6.2995e-12
   4.2484e-15
  -7.4806e-16
  -1.1053e-13
   5.6864e-13
   2.6660e-09
  -1.1757e-16
   7.2752e-15
  -2.3211e-14
  -1.7375e-15
  -3.1194e-13
  -5.8167e-15
  -5.6062e-15
   4.0970e-16
   2.8986e-13
   1.5732e-15
  -5.5135e-12
   1.3894e-16
   8.0291e-16
   1.6380e-12
   1.7887e-10
   1.0460e-13
   5.5724e-10
  -2.1508e-12
  -1.9078e-15
  -6.1526e-10
   6.5036e-10
   3.0323e-10
  -8.2961e-13
=======
   1.0599e-09
   8.6772e-19
  -9.9004e-14
  -1.8196e-08
  -3.2843e-16
  -3.1852e-12
   1.0261e-17
   7.7421e-17
   1.0470e-12
  -8.9512e-12
  -7.1998e-11
   8.1485e-14
  -4.7390e-10
   7.8305e-15
   2.1790e-10
  -6.8857e-15
   1.8320e-09
   3.3177e-16
   6.8720e-12
   1.6992e-15
  -2.6050e-15
   3.3585e-17
  -4.4521e-14
   2.2291e-10
  -3.5018e-17
   2.3921e-14
   1.0000e+00
  -1.2989e-10
  -2.0007e-09
   4.7813e-14
   1.7983e-08
   4.9537e-11
   1.8927e-09
   1.9421e-11
   3.1258e-10
  -4.1709e-13
   6.4754e-17
   5.3569e-15
   1.3461e-09
   6.7701e-10
  -5.4864e-13
  -1.6569e-12
   1.5661e-09
   9.6249e-11
   9.5985e-12
  -1.0638e-11
  -3.8902e-12
   1.3750e-10
   2.7438e-10
   2.5789e-17
  -1.1037e-09
  -5.6350e-10
   3.7133e-14
   3.0652e-10
  -6.7599e-13
  -2.4492e-17
  -3.3265e-17
   4.5090e-11
   1.3094e-08
   8.3383e-12
  -3.4872e-13
   4.2687e-16
   6.1764e-13
   8.3588e-13
   2.7344e-12
   6.8055e-10
  -2.5574e-10
   3.5441e-12
   1.1127e-14
  -3.7386e-15
   6.1495e-19
   1.1783e-15
   3.9702e-11
   2.0678e-14
  -1.6798e-08
  -1.0779e-16
  -2.8477e-16
  -3.1186e-16
   2.0623e-15
  -6.7530e-14
  -8.4822e-11
   8.2087e-18
  -5.8231e-09
  -1.2018e-10
   9.1836e-10
  -3.1416e-11
  -6.9963e-10
   1.3977e-16
   3.3983e-13
   6.9125e-18
   4.6139e-11
   1.7487e-16
   8.7889e-13
   1.3614e-16
  -3.4745e-09
   5.7328e-14
  -1.7776e-12
  -1.3507e-15
  -3.8733e-14
   2.2376e-12
  -4.1856e-14
   3.3458e-12
   1.2743e-13
  -3.1705e-11
   1.5699e-16
   3.8248e-16
   1.5627e-11
  -1.1481e-17
   1.7914e-10
   4.2809e-16
   1.9008e-14
   4.2530e-11
  -1.1624e-16
  -2.5176e-10
  -9.7490e-15
   1.2671e-14
  -2.5075e-15
   4.9376e-10
   2.1758e-12
  -1.2608e-14
   1.4083e-09
   5.8682e-18
  -1.6656e-13
  -2.4141e-16
  -2.4535e-09
   8.2253e-11
   4.1505e-09
   1.1358e-17
   5.7920e-12
   3.9252e-13
  -3.1359e-11
  -4.2363e-18
  -2.3356e-11
   4.9791e-18
  -1.2026e-13
   4.7940e-11
  -1.3230e-12
  -9.7374e-11
  -1.9841e-17
  -9.3563e-10
  -1.9000e-12
   4.2444e-13
  -6.0631e-13
  -1.9993e-11
   2.2390e-14
  -4.7895e-16
  -4.2664e-09
   1.0302e-15
  -9.5933e-14
  -1.1948e-15
   1.8459e-16
  -2.3349e-15
  -1.2507e-16
  -3.4841e-16
   1.0038e-13
   1.1528e-13
  -1.8217e-09
  -5.5588e-10
  -2.2253e-13
   3.6820e-10
  -3.2732e-15
   2.2152e-14
   7.6114e-14
  -1.3253e-18
  -8.0984e-16
   7.4311e-14
  -4.1421e-09
  -8.8454e-18
   1.5992e-14
  -1.1699e-14
  -8.6869e-09
   3.1967e-13
  -2.1378e-09
   4.3634e-17
   4.7383e-09
  -3.1395e-11
  -1.2669e-11
   1.9863e-13
  -4.8922e-10
   1.2854e-10
   1.3045e-09
   2.7775e-13
  -3.9952e-09
  -5.2824e-10
  -2.0509e-10
  -5.6099e-10
  -4.6650e-14
  -2.5424e-11
   4.4449e-17
   1.3115e-12
  -4.5840e-16
  -2.2225e-14
  -2.1683e-10
  -4.4299e-15
   7.8807e-17
   2.6005e-18
   5.7535e-17
  -5.4971e-18
   4.5919e-15
  -4.0010e-10
  -5.3616e-15
  -2.6527e-10
  -2.9757e-08
  -3.3122e-10
  -9.3162e-10
   4.9567e-12
   2.9644e-15
   1.3603e-15
   1.1643e-15
  -4.1855e-13
   6.0594e-14
  -5.3275e-11
  -1.5511e-10
   1.2893e-13
  -9.1596e-16
   6.6767e-11
  -1.4108e-16
   2.0617e-14
  -2.0222e-12
  -5.6757e-14
  -8.4092e-13
   6.0074e-10
   1.1944e-13
  -7.4380e-10
   5.7901e-16
   4.2689e-15
   1.0116e-14
  -7.8231e-17
   1.1145e-12
   6.6670e-11
  -6.1904e-16
  -2.5056e-13
   1.9824e-14
   7.1619e-17
  -5.4441e-15
   3.7765e-11
  -1.0620e-10
   8.7345e-17
   1.7660e-11
   5.1011e-12
   2.1336e-14
   3.8858e-13
  -1.4603e-09
  -5.6399e-10
   4.1829e-16
   1.6487e-10
   3.0699e-16
   1.8126e-11
   3.4272e-14
   4.2203e-13
  -7.3201e-09
  -1.6861e-14
  -6.5655e-13
   4.7074e-10
   8.8937e-12
   2.3736e-16
  -1.2292e-12
  -4.9474e-11
  -2.6732e-14
   7.6436e-18
  -2.1866e-16
  -4.1268e-11
  -3.9826e-16
   3.7558e-17
   9.7133e-13
   2.8010e-10
  -4.5712e-14
  -3.1852e-10
  -6.2016e-17
   1.3561e-12
   2.3796e-13
   4.7240e-16
  -8.6646e-10
   3.9903e-12
   1.1391e-10
   1.7912e-13
   2.1120e-09
  -2.5596e-10
  -1.8242e-09
  -7.0489e-13
   1.5166e-17
  -9.7565e-17
  -3.5379e-11
  -5.2632e-10
   5.3044e-12
  -3.7007e-10
  -1.6314e-15
   2.8553e-17
  -1.2403e-16
  -8.1177e-13
   3.5315e-09
  -1.0665e-12
   4.9092e-10
  -4.1417e-17
   7.5635e-10
  -1.1709e-17
  -1.7065e-09
   2.0913e-10
  -2.0931e-13
   7.4730e-13
>>>>>>> f2053bda17bd6d576513677486f923d603c5f5a3

