Results
-------
Number of Eigenvalues =             101

Exact:               Numerical:          Exact versus numerical eigenvalues:

9.67626641E-02       2.20408903E+00          2.10732637E+00
3.86958871E-01       4.07930938E+00          3.69235051E+00
8.70313352E-01       5.98914719E+00          5.11883384E+00
1.54636762E+00       7.91589786E+00          6.36953024E+00
2.41448039E+00       9.85196425E+00          7.43748386E+00
3.47382820E+00       1.17934538E+01          8.31962559E+00
4.72340621E+00       1.37381248E+01          9.01471858E+00
6.16202911E+00       1.56846266E+01          9.52259752E+00
7.78833228E+00       1.76327028E+01          9.84437055E+00
9.60077307E+00       1.95868530E+01          9.98607998E+00
1.15976323E+01       2.15695446E+01          9.97191227E+00
1.37770158E+01       2.36356519E+01          9.85863613E+00
1.61368562E+01       2.58523398E+01          9.71548355E+00
1.86749152E+01       2.82595524E+01          9.58463719E+00
2.13887853E+01       3.08660762E+01          9.47729095E+00
2.42758921E+01       3.36671285E+01          9.39123636E+00
2.73334971E+01       3.66551933E+01          9.32169617E+00
3.05587000E+01       3.98231977E+01          9.26449775E+00
3.39484414E+01       4.31649423E+01          9.21650095E+00
3.74995059E+01       4.66749237E+01          9.17541778E+00
4.12085253E+01       5.03481072E+01          9.13958192E+00
4.50719812E+01       5.41797510E+01          9.10776982E+00
4.90862089E+01       5.81652839E+01          9.07907503E+00
5.32474007E+01       6.23002220E+01          9.05282131E+00
5.75516095E+01       6.65801117E+01          9.02850221E+00
6.19947523E+01       7.10004908E+01          9.00573846E+00
6.65726148E+01       7.55568621E+01          8.98424727E+00
7.12808544E+01       8.02446742E+01          8.96381982E+00
7.61150051E+01       8.50593096E+01          8.94430448E+00
8.10704815E+01       8.99960755E+01          8.92559400E+00
8.61425829E+01       9.50501986E+01          8.90761567E+00
9.13264982E+01       1.00216822E+02          8.89032357E+00
9.66173101E+01       1.05491003E+02          8.87369238E+00
1.02010000E+02       1.10867712E+02          8.85771244E+00
1.07499453E+02       1.16341838E+02          8.84238575E+00
1.13080461E+02       1.21908183E+02          8.82772264E+00
1.18747730E+02       1.27561470E+02          8.81373911E+00
1.24495886E+02       1.33296341E+02          8.80045456E+00
1.30319475E+02       1.39107365E+02          8.78788994E+00
1.36212974E+02       1.44989040E+02          8.77606630E+00
1.42170791E+02       1.50935795E+02          8.76500347E+00
1.48187277E+02       1.56941996E+02          8.75471908E+00
1.54256723E+02       1.63001951E+02          8.74522774E+00
1.60373372E+02       1.69109913E+02          8.73654039E+00
1.66531423E+02       1.75260087E+02          8.72866376E+00
1.72725035E+02       1.81446635E+02          8.72160003E+00
1.78948331E+02       1.87663677E+02          8.71534651E+00
1.85195409E+02       1.93905305E+02          8.70989542E+00
1.91460344E+02       2.00165578E+02          8.70523381E+00
1.97737192E+02       2.06438536E+02          8.70134346E+00
2.04020000E+02       2.12718201E+02          8.69820086E+00
2.10302808E+02       2.18998585E+02          8.69577721E+00
2.16579656E+02       2.25273695E+02          8.69403849E+00
2.22844591E+02       2.31537536E+02          8.69294550E+00
2.29091669E+02       2.37784123E+02          8.69245394E+00
2.35314965E+02       2.44007480E+02          8.69251446E+00
2.41508577E+02       2.50201649E+02          8.69307274E+00
2.47666628E+02       2.56360697E+02          8.69406953E+00
2.53783277E+02       2.62478718E+02          8.69544069E+00
2.59852723E+02       2.68549840E+02          8.69711719E+00
2.65869209E+02       2.74568234E+02          8.69902502E+00
2.71827026E+02       2.80528111E+02          8.70108516E+00
2.77720525E+02       2.86423738E+02          8.70321337E+00
2.83544114E+02       2.92249434E+02          8.70531996E+00
2.89292270E+02       2.97999579E+02          8.70730950E+00
2.94959539E+02       3.03668620E+02          8.70908031E+00
3.00540547E+02       3.09251071E+02          8.71052390E+00
3.06030000E+02       3.14741524E+02          8.71152418E+00
3.11422690E+02       3.20134646E+02          8.71195653E+00
3.16713502E+02       3.25425188E+02          8.71168647E+00
3.21897417E+02       3.30607985E+02          8.71056813E+00
3.26969519E+02       3.35677961E+02          8.70844225E+00
3.31924995E+02       3.40630128E+02          8.70513359E+00
3.36759146E+02       3.45459593E+02          8.70044779E+00
3.41467385E+02       3.50161552E+02          8.69416721E+00
3.46045248E+02       3.54731293E+02          8.68604576E+00
3.50488391E+02       3.59164193E+02          8.67580217E+00
3.54792599E+02       3.63455711E+02          8.66311126E+00
3.58953791E+02       3.67601384E+02          8.64759263E+00
3.62968019E+02       3.71596814E+02          8.62879565E+00
3.66831475E+02       3.75437654E+02          8.60617942E+00
3.70540494E+02       3.79119580E+02          8.57908573E+00
3.74091559E+02       3.82638260E+02          8.54670183E+00
3.77481300E+02       3.85989308E+02          8.50800837E+00
3.80706503E+02       3.89168208E+02          8.46170500E+00
3.83764108E+02       3.92170209E+02          8.40610115E+00
3.86651215E+02       3.94990166E+02          8.33895083E+00
3.89365085E+02       3.97622277E+02          8.25719227E+00
3.91903144E+02       4.00059660E+02          8.15651595E+00
3.94262984E+02       4.02293579E+02          8.03059521E+00
3.96442368E+02       4.04311932E+02          7.86956418E+00
3.98439227E+02       4.06095509E+02          7.65628235E+00
4.00251668E+02       4.07598374E+02          7.34670589E+00
4.01877971E+02       4.08703824E+02          6.82585304E+00
4.03316594E+02       4.09826532E+02          6.50993821E+00
4.04566172E+02       4.11425361E+02          6.85918915E+00
4.05625520E+02       4.13409279E+02          7.78375960E+00
4.06493632E+02       4.15775893E+02          9.28226092E+00
4.07169687E+02       4.18597543E+02          1.14278568E+01
4.07653041E+02       4.22044632E+02          1.43915911E+01
4.07943237E+02       4.26580316E+02          1.86370787E+01
