   6.4608e-29
  -1.0662e-17
  -2.1458e-21
  -2.4994e-41
   8.3978e-18
  -4.0462e-37
  -2.0262e-32
   1.4123e-32
   1.5701e-17
  -1.5012e-16
  -1.8816e-19
  -4.7336e-23
  -3.1479e-16
  -5.1919e-16
  -3.9814e-24
   7.5427e-17
   1.0000e+00
   1.2246e-16
  -2.1238e-19
   2.8110e-16
   3.3422e-18
  -9.9998e-39
  -2.8320e-36
   3.3200e-38
   3.5597e-25
  -4.6879e-18
  -3.1070e-42
  -4.4236e-22
   2.6890e-31
  -1.5433e-17
   9.1567e-39
  -1.4985e-18
   3.4799e-18
   5.8107e-42
   1.0052e-18
   6.8730e-33
  -9.7598e-19
   1.2639e-16
   3.5387e-18
   1.2549e-19
  -6.2796e-18
  -9.3688e-18
  -9.3226e-43
   2.1585e-17
   8.8108e-27
  -2.2359e-16
  -2.5727e-30
  -5.6879e-35
   4.2620e-16
   8.4687e-31
   3.9049e-18
  -1.1358e-30
  -2.2180e-30
  -1.5777e-30
  -1.8728e-21
   2.3024e-29
   5.5433e-27
  -2.0195e-28
   1.7391e-17
   6.5326e-28
   2.1394e-17
  -2.6309e-26
   2.9255e-18
  -6.7315e-18
   2.1370e-20
   6.7838e-17
  -6.2773e-18
  -6.0746e-18
  -5.9104e-16
   8.6523e-18
  -2.7766e-17
  -1.1858e-19
   7.9667e-18
  -3.2797e-38
   3.1764e-22
  -3.9396e-37
  -2.0329e-18
   2.1684e-19
   2.1684e-19
   1.7347e-18
  -9.0206e-17
   6.8701e-35
   2.2204e-16
   3.1892e-57
  -1.3878e-17
   2.0887e-17
   2.4519e-17
   5.0307e-17
   1.6790e-17
  -4.1213e-17
   8.1352e-18
  -4.1654e-18
  -3.0142e-17
   1.3421e-17
   3.4687e-16
   8.6281e-17
   2.5693e-16
  -4.3640e-18
  -1.2062e-17
  -5.2682e-17
           0.

