Results
-------
Number of Eigenvalues =             300

Exact:               Numerical:          Exact versus numerical eigenvalues:

9.80404557E+00       1.71579479E+01          7.35390236E+00
3.92151143E+01       3.65802041E+01          2.63491023E+00
8.82300023E+01       5.61952822E+01          3.20347200E+01
1.56843370E+02       7.58954039E+01          8.09479663E+01
2.45047744E+02       9.56413669E+01          1.49406377E+02
3.52833514E+02       1.15414662E+02          2.37418852E+02
4.80188941E+02       1.35205105E+02          3.44983836E+02
6.27100149E+02       1.55006496E+02          4.72093653E+02
7.93551136E+02       1.74814780E+02          6.18736356E+02
9.79523770E+02       1.94627158E+02          7.84896612E+02
1.18499779E+03       2.14441613E+02          9.70556179E+02
1.40995082E+03       2.34256644E+02          1.17569417E+03
1.65435834E+03       2.54071102E+02          1.40028724E+03
1.91819375E+03       2.73884087E+02          1.64430966E+03
2.20142828E+03       2.93694881E+02          1.90773340E+03
2.50403110E+03       3.13502901E+02          2.19052820E+03
2.82596924E+03       3.33307665E+02          2.49266157E+03
3.16720762E+03       3.53108773E+02          2.81409885E+03
3.52770908E+03       3.72905886E+02          3.15480319E+03
3.90743434E+03       3.92698715E+02          3.51473562E+03
4.30634204E+03       4.12487014E+02          3.89385503E+03
4.72438873E+03       4.32270566E+02          4.29211816E+03
5.16152886E+03       4.52049190E+02          4.70947967E+03
5.61771481E+03       4.71822771E+02          5.14589204E+03
6.09289690E+03       4.91591522E+02          5.60130538E+03
6.58702336E+03       5.11357462E+02          6.07566590E+03
7.10004036E+03       5.31130802E+02          6.56890956E+03
7.63189202E+03       5.50950115E+02          7.08094190E+03
8.18252039E+03       5.70922862E+02          7.61159753E+03
8.75186551E+03       5.91258394E+02          8.16060711E+03
9.33986534E+03       6.12227542E+02          8.72763779E+03
9.94645583E+03       6.34054879E+02          9.31240095E+03
1.05715709E+04       6.56853596E+02          9.91471731E+03
1.12151425E+04       6.80645432E+02          1.05344970E+04
1.18771004E+04       7.05408000E+02          1.11716924E+04
1.25573727E+04       7.31106282E+02          1.18262664E+04
1.32558850E+04       7.57705887E+02          1.24981792E+04
1.39725615E+04       7.85176869E+02          1.31873846E+04
1.47073240E+04       8.13494041E+02          1.38938299E+04
1.54600924E+04       8.42636290E+02          1.46174561E+04
1.62307848E+04       8.72585753E+02          1.53581991E+04
1.70193173E+04       9.03327116E+02          1.61159901E+04
1.78256038E+04       9.34847048E+02          1.68907567E+04
1.86495566E+04       9.67133772E+02          1.76824228E+04
1.94910859E+04       1.00017673E+03          1.84909092E+04
2.03501001E+04       1.03396635E+03          1.93161337E+04
2.12265056E+04       1.06849382E+03          2.01580117E+04
2.21202068E+04       1.10375096E+03          2.10164559E+04
2.30311065E+04       1.13973009E+03          2.18913764E+04
2.39591055E+04       1.17642396E+03          2.27826815E+04
2.49041025E+04       1.21382563E+03          2.36902769E+04
2.58659948E+04       1.25192845E+03          2.46140664E+04
2.68446775E+04       1.29072597E+03          2.55539515E+04
2.78400440E+04       1.33021194E+03          2.65098320E+04
2.88519858E+04       1.37038024E+03          2.74816056E+04
2.98803928E+04       1.41122489E+03          2.84691679E+04
3.09251529E+04       1.45273997E+03          2.94724129E+04
3.19861522E+04       1.49491965E+03          3.04912326E+04
3.30632753E+04       1.53775816E+03          3.15255172E+04
3.41564048E+04       1.58124977E+03          3.25751550E+04
3.52654216E+04       1.62538876E+03          3.36400328E+04
3.63902048E+04       1.67016944E+03          3.47200354E+04
3.75306321E+04       1.71558615E+03          3.58150459E+04
3.86865791E+04       1.76163318E+03          3.69249459E+04
3.98579198E+04       1.80830486E+03          3.80496150E+04
4.10445268E+04       1.85559549E+03          3.91889313E+04
4.22462708E+04       1.90349936E+03          4.03427714E+04
4.34630208E+04       1.95201072E+03          4.15110101E+04
4.46946443E+04       2.00112381E+03          4.26935205E+04
4.59410071E+04       2.05083284E+03          4.38901743E+04
4.72019735E+04       2.10113199E+03          4.51008415E+04
4.84774061E+04       2.15201541E+03          4.63253907E+04
4.97671659E+04       2.20347719E+03          4.75636887E+04
5.10711125E+04       2.25551142E+03          4.88156011E+04
5.23891039E+04       2.30811213E+03          5.00809917E+04
5.37209963E+04       2.36127330E+03          5.13597230E+04
5.50666449E+04       2.41498888E+03          5.26516560E+04
5.64259029E+04       2.46925278E+03          5.39566501E+04
5.77986223E+04       2.52405886E+03          5.52745634E+04
5.91846535E+04       2.57940095E+03          5.66052526E+04
6.05838457E+04       2.63527281E+03          5.79485729E+04
6.19960463E+04       2.69166817E+03          5.93043781E+04
6.34211015E+04       2.74858073E+03          6.06725208E+04
6.48588561E+04       2.80600411E+03          6.20528520E+04
6.63091535E+04       2.86393192E+03          6.34452216E+04
6.77718357E+04       2.92235769E+03          6.48494780E+04
6.92467433E+04       2.98127493E+03          6.62654683E+04
7.07337157E+04       3.04067710E+03          6.76930386E+04
7.22325908E+04       3.10055760E+03          6.91320332E+04
7.37432055E+04       3.16090981E+03          7.05822957E+04
7.52653952E+04       3.22172704E+03          7.20436682E+04
7.67989940E+04       3.28300257E+03          7.35159914E+04
7.83438349E+04       3.34472962E+03          7.49991053E+04
7.98997496E+04       3.40690140E+03          7.64928482E+04
8.14665686E+04       3.46951103E+03          7.79970575E+04
8.30441212E+04       3.53255163E+03          7.95115695E+04
8.46322355E+04       3.59601625E+03          8.10362193E+04
8.62307387E+04       3.65989790E+03          8.25708408E+04
8.78394565E+04       3.72418956E+03          8.41152670E+04
8.94582137E+04       3.78888417E+03          8.56693296E+04
9.10868340E+04       3.85397461E+03          8.72328594E+04
9.27251399E+04       3.91945373E+03          8.88056862E+04
9.43729530E+04       3.98531436E+03          9.03876387E+04
9.60300938E+04       4.05154925E+03          9.19785446E+04
9.76963818E+04       4.11815116E+03          9.35782306E+04
9.93716354E+04       4.18511277E+03          9.51865226E+04
1.01055672E+05       4.25242675E+03          9.68032454E+04
1.02748309E+05       4.32008572E+03          9.84282229E+04
1.04449360E+05       4.38808226E+03          1.00061278E+05
1.06158642E+05       4.45640895E+03          1.01702233E+05
1.07875968E+05       4.52505828E+03          1.03350910E+05
1.09601150E+05       4.59402275E+03          1.05007128E+05
1.11334002E+05       4.66329482E+03          1.06670707E+05
1.13074333E+05       4.73286689E+03          1.08341466E+05
1.14821955E+05       4.80273137E+03          1.10019223E+05
1.16576676E+05       4.87288061E+03          1.11703796E+05
1.18338307E+05       4.94330695E+03          1.13395000E+05
1.20106655E+05       5.01400267E+03          1.15092652E+05
1.21881527E+05       5.08496005E+03          1.16796567E+05
1.23662730E+05       5.15617134E+03          1.18506559E+05
1.25450071E+05       5.22762876E+03          1.20222442E+05
1.27243353E+05       5.29932449E+03          1.21944029E+05
1.29042383E+05       5.37125070E+03          1.23671132E+05
1.30846964E+05       5.44339954E+03          1.25403564E+05
1.32656899E+05       5.51576312E+03          1.27141136E+05
1.34471991E+05       5.58833354E+03          1.28883658E+05
1.36292043E+05       5.66110286E+03          1.30630940E+05
1.38116856E+05       5.73406315E+03          1.32382793E+05
1.39946232E+05       5.80720644E+03          1.34139025E+05
1.41779971E+05       5.88052473E+03          1.35899446E+05
1.43617873E+05       5.95401003E+03          1.37663863E+05
1.45459739E+05       6.02765431E+03          1.39432084E+05
1.47305367E+05       6.10144952E+03          1.41203917E+05
1.49154557E+05       6.17538762E+03          1.42979169E+05
1.51007106E+05       6.24946052E+03          1.44757646E+05
1.52862815E+05       6.32366015E+03          1.46539154E+05
1.54721479E+05       6.39797840E+03          1.48323500E+05
1.56582897E+05       6.47240716E+03          1.50110490E+05
1.58446866E+05       6.54693831E+03          1.51899927E+05
1.60313182E+05       6.62156370E+03          1.53691619E+05
1.62181644E+05       6.69627520E+03          1.55485369E+05
1.64052046E+05       6.77106465E+03          1.57280982E+05
1.65924186E+05       6.84592388E+03          1.59078262E+05
1.67797859E+05       6.92084472E+03          1.60877014E+05
1.69672861E+05       6.99581901E+03          1.62677042E+05
1.71548988E+05       7.07083854E+03          1.64478150E+05
1.73426036E+05       7.14589514E+03          1.66280141E+05
1.75303800E+05       7.22098062E+03          1.68082819E+05
1.77182075E+05       7.29608677E+03          1.69885988E+05
1.79060658E+05       7.37120539E+03          1.71689452E+05
1.80939342E+05       7.44632830E+03          1.73493014E+05
1.82817925E+05       7.52144729E+03          1.75296478E+05
1.84696200E+05       7.59655415E+03          1.77099646E+05
1.86573964E+05       7.67164070E+03          1.78902323E+05
1.88451012E+05       7.74669873E+03          1.80704313E+05
1.90327139E+05       7.82172005E+03          1.82505419E+05
1.92202141E+05       7.89669648E+03          1.84305445E+05
1.94075814E+05       7.97161982E+03          1.86104194E+05
1.95947954E+05       8.04648189E+03          1.87901472E+05
1.97818356E+05       8.12127453E+03          1.89697082E+05
1.99686818E+05       8.19598957E+03          1.91490828E+05
2.01553134E+05       8.27061885E+03          1.93282515E+05
2.03417103E+05       8.34515422E+03          1.95071949E+05
2.05278521E+05       8.41958754E+03          1.96858934E+05
2.07137185E+05       8.49391069E+03          1.98643275E+05
2.08992894E+05       8.56811554E+03          2.00424778E+05
2.10845443E+05       8.64219400E+03          2.02203249E+05
2.12694633E+05       8.71613798E+03          2.03978495E+05
2.14540261E+05       8.78993939E+03          2.05750322E+05
2.16382127E+05       8.86359018E+03          2.07518537E+05
2.18220029E+05       8.93708230E+03          2.09282947E+05
2.20053768E+05       9.01040773E+03          2.11043360E+05
2.21883144E+05       9.08355844E+03          2.12799585E+05
2.23707957E+05       9.15652645E+03          2.14551430E+05
2.25528009E+05       9.22930380E+03          2.16298705E+05
2.27343101E+05       9.30188251E+03          2.18041219E+05
2.29153036E+05       9.37425466E+03          2.19778782E+05
2.30957617E+05       9.44641235E+03          2.21511205E+05
2.32756647E+05       9.51834767E+03          2.23238299E+05
2.34549929E+05       9.59005278E+03          2.24959876E+05
2.36337270E+05       9.66151982E+03          2.26675750E+05
2.38118473E+05       9.73274099E+03          2.28385732E+05
2.39893345E+05       9.80370849E+03          2.30089637E+05
2.41661693E+05       9.87441457E+03          2.31787278E+05
2.43423324E+05       9.94485148E+03          2.33478472E+05
2.45178045E+05       1.00150115E+04          2.35163034E+05
2.46925667E+05       1.00848870E+04          2.36840780E+05
2.48665998E+05       1.01544703E+04          2.38511528E+05
2.50398850E+05       1.02237538E+04          2.40175096E+05
2.52124032E+05       1.02927299E+04          2.41831302E+05
2.53841358E+05       1.03613911E+04          2.43479967E+05
2.55550640E+05       1.04297297E+04          2.45120910E+05
2.57251691E+05       1.04977384E+04          2.46753953E+05
2.58944328E+05       1.05654097E+04          2.48378918E+05
2.60628365E+05       1.06327362E+04          2.49995628E+05
2.62303618E+05       1.06997105E+04          2.51603908E+05
2.63969906E+05       1.07663252E+04          2.53203581E+05
2.65627047E+05       1.08325731E+04          2.54794474E+05
2.67274860E+05       1.08984468E+04          2.56376413E+05
2.68913166E+05       1.09639392E+04          2.57949227E+05
2.70541786E+05       1.10290430E+04          2.59512743E+05
2.72160543E+05       1.10937511E+04          2.61066792E+05
2.73769261E+05       1.11580563E+04          2.62611205E+05
2.75367764E+05       1.12219517E+04          2.64145813E+05
2.76955879E+05       1.12854302E+04          2.65670449E+05
2.78533431E+05       1.13484848E+04          2.67184947E+05
2.80100250E+05       1.14111085E+04          2.68689142E+05
2.81656165E+05       1.14732945E+04          2.70182871E+05
2.83201006E+05       1.15350359E+04          2.71665970E+05
2.84734605E+05       1.15963258E+04          2.73138279E+05
2.86256794E+05       1.16571576E+04          2.74599637E+05
2.87767409E+05       1.17175245E+04          2.76049885E+05
2.89266284E+05       1.17774199E+04          2.77488864E+05
2.90753257E+05       1.18368370E+04          2.78916420E+05
2.92228164E+05       1.18957693E+04          2.80332395E+05
2.93690846E+05       1.19542103E+04          2.81736636E+05
2.95141144E+05       1.20121536E+04          2.83128990E+05
2.96578898E+05       1.20695926E+04          2.84509306E+05
2.98003954E+05       1.21265209E+04          2.85877433E+05
2.99416154E+05       1.21829323E+04          2.87233222E+05
3.00815346E+05       1.22388204E+04          2.88576526E+05
3.02201378E+05       1.22941790E+04          2.89907199E+05
3.03574097E+05       1.23490019E+04          2.91225095E+05
3.04933355E+05       1.24032830E+04          2.92530072E+05
3.06279004E+05       1.24570160E+04          2.93821988E+05
3.07610896E+05       1.25101951E+04          2.95100701E+05
3.08928887E+05       1.25628142E+04          2.96366073E+05
3.10232834E+05       1.26148673E+04          2.97617967E+05
3.11522594E+05       1.26663485E+04          2.98856245E+05
3.12798027E+05       1.27172520E+04          3.00080775E+05
3.14058993E+05       1.27675719E+04          3.01291421E+05
3.15305356E+05       1.28173025E+04          3.02488053E+05
3.16536979E+05       1.28664380E+04          3.03670541E+05
3.17753729E+05       1.29149729E+04          3.04838756E+05
3.18955473E+05       1.29629013E+04          3.05992572E+05
3.20142080E+05       1.30102178E+04          3.07131862E+05
3.21313421E+05       1.30569167E+04          3.08256504E+05
3.22469368E+05       1.31029927E+04          3.09366375E+05
3.23609795E+05       1.31484400E+04          3.10461355E+05
3.24734578E+05       1.31932534E+04          3.11541325E+05
3.25843595E+05       1.32374273E+04          3.12606168E+05
3.26936725E+05       1.32809565E+04          3.13655768E+05
3.28013848E+05       1.33238354E+04          3.14690012E+05
3.29074847E+05       1.33660588E+04          3.15708788E+05
3.30119607E+05       1.34076212E+04          3.16711986E+05
3.31148014E+05       1.34485175E+04          3.17699497E+05
3.32159956E+05       1.34887421E+04          3.18671214E+05
3.33155323E+05       1.35282899E+04          3.19627033E+05
3.34134005E+05       1.35671553E+04          3.20566850E+05
3.35095897E+05       1.36053332E+04          3.21490564E+05
3.36040895E+05       1.36428179E+04          3.22398077E+05
3.36968893E+05       1.36796042E+04          3.23289289E+05
3.37879793E+05       1.37156864E+04          3.24164107E+05
3.38773494E+05       1.37510589E+04          3.25022436E+05
3.39649900E+05       1.37857161E+04          3.25864184E+05
3.40508914E+05       1.38196522E+04          3.26689262E+05
3.41350443E+05       1.38528611E+04          3.27497582E+05
3.42174396E+05       1.38853368E+04          3.28289059E+05
3.42980683E+05       1.39170728E+04          3.29063610E+05
3.43769215E+05       1.39480626E+04          3.29821153E+05
3.44539908E+05       1.39782993E+04          3.30561608E+05
3.45292676E+05       1.40077755E+04          3.31284901E+05
3.46027438E+05       1.40364835E+04          3.31990955E+05
3.46744115E+05       1.40644150E+04          3.32679700E+05
3.47442627E+05       1.40915611E+04          3.33351066E+05
3.48122900E+05       1.41179121E+04          3.34004987E+05
3.48784858E+05       1.41434572E+04          3.34641400E+05
3.49428429E+05       1.41681846E+04          3.35260244E+05
3.50053544E+05       1.41920809E+04          3.35861463E+05
3.50660135E+05       1.42151308E+04          3.36445004E+05
3.51248134E+05       1.42373167E+04          3.37010818E+05
3.51817480E+05       1.42586178E+04          3.37558862E+05
3.52368108E+05       1.42790094E+04          3.38089099E+05
3.52899960E+05       1.42984611E+04          3.38601499E+05
3.53412977E+05       1.43169345E+04          3.39096042E+05
3.53907103E+05       1.43343801E+04          3.39572723E+05
3.54382285E+05       1.43507298E+04          3.40031555E+05
3.54838471E+05       1.43658843E+04          3.40472587E+05
3.55275611E+05       1.43796797E+04          3.40895932E+05
3.55693658E+05       1.43918121E+04          3.41301846E+05
3.56092566E+05       1.44022387E+04          3.41690327E+05
3.56472291E+05       1.44128709E+04          3.42059420E+05
3.56832792E+05       1.44254022E+04          3.42407390E+05
3.57174031E+05       1.44397045E+04          3.42734326E+05
3.57495969E+05       1.44555248E+04          3.43040444E+05
3.57798572E+05       1.44727557E+04          3.43325816E+05
3.58081806E+05       1.44913616E+04          3.43590445E+05
3.58345642E+05       1.45113489E+04          3.43834293E+05
3.58590049E+05       1.45327558E+04          3.44057293E+05
3.58815002E+05       1.45556500E+04          3.44259352E+05
3.59020476E+05       1.45801299E+04          3.44440346E+05
3.59206449E+05       1.46063310E+04          3.44600118E+05
3.59372900E+05       1.46344356E+04          3.44738464E+05
3.59519811E+05       1.46646912E+04          3.44855120E+05
3.59647166E+05       1.46974402E+04          3.44949726E+05
3.59754952E+05       1.47331746E+04          3.45021778E+05
3.59843157E+05       1.47726433E+04          3.45070513E+05
3.59911770E+05       1.48170913E+04          3.45094679E+05
3.59960785E+05       1.48689181E+04          3.45091867E+05
3.59990196E+05       1.49343362E+04          3.45055860E+05
