Results
-------
Number of Eigenvalues =             150

Exact:               Numerical:          Exact versus numerical eigenvalues:

9.73896272E+00       2.92530311E+00          6.81365961E+00
3.89516354E+01       6.88635118E+00          3.20652842E+01
8.76253736E+01       1.08558450E+01          7.67695286E+01
1.55739109E+02       1.48337224E+01          1.40905387E+02
2.43263360E+02       1.88687844E+01          2.24394575E+02
3.50160241E+02       2.31697083E+01          3.26990533E+02
4.76383483E+02       2.80576370E+01          4.48325846E+02
6.21878452E+02       3.37176635E+01          5.88160788E+02
7.86582170E+02       4.01854721E+01          7.46396698E+02
9.70423347E+02       4.74518031E+01          9.22971544E+02
1.17332241E+03       5.55034734E+01          1.11781894E+03
1.39519153E+03       6.43297559E+01          1.33086178E+03
1.63593468E+03       7.39220653E+01          1.56201262E+03
1.89544766E+03       8.42731099E+01          1.81117455E+03
2.17361812E+03       9.53762941E+01          2.07824183E+03
2.47032568E+03       1.07225350E+02          2.36310033E+03
2.78544190E+03       1.19814114E+02          2.66562779E+03
3.11883039E+03       1.33136387E+02          2.98569400E+03
3.47034684E+03       1.47185849E+02          3.32316099E+03
3.83983910E+03       1.61956003E+02          3.67788310E+03
4.22714724E+03       1.77440136E+02          4.04970711E+03
4.63210362E+03       1.93631301E+02          4.43847232E+03
5.05453294E+03       2.10522296E+02          4.84401065E+03
5.49425238E+03       2.28105655E+02          5.26614672E+03
5.95107159E+03       2.46373646E+02          5.70469795E+03
6.42479285E+03       2.65318260E+02          6.15947459E+03
6.91521111E+03       2.84931217E+02          6.63027990E+03
7.42211410E+03       3.05203959E+02          7.11691014E+03
7.94528240E+03       3.26127656E+02          7.61915475E+03
8.48448957E+03       3.47693204E+02          8.13679637E+03
9.03950222E+03       3.69891230E+02          8.66961099E+03
9.61008011E+03       3.92712092E+02          9.21736801E+03
1.01959763E+04       4.16145884E+02          9.77983038E+03
1.07969371E+04       4.40182438E+02          1.03567547E+04
1.14127025E+04       4.64811329E+02          1.09478911E+04
1.20430059E+04       4.90021880E+02          1.15529840E+04
1.26875745E+04       5.15803161E+02          1.21717713E+04
1.33461293E+04       5.42144001E+02          1.28039853E+04
1.40183852E+04       5.69032985E+02          1.34493522E+04
1.47040513E+04       5.96458465E+02          1.41075929E+04
1.54028308E+04       6.24408560E+02          1.47784223E+04
1.61144212E+04       6.52871164E+02          1.54615501E+04
1.68385146E+04       6.81833950E+02          1.61566806E+04
1.75747974E+04       7.11284375E+02          1.68635130E+04
1.83229510E+04       7.41209686E+02          1.75817413E+04
1.90826516E+04       7.71596925E+02          1.83110547E+04
1.98535704E+04       8.02432933E+02          1.90511374E+04
2.06353736E+04       8.33704361E+02          1.98016692E+04
2.14277228E+04       8.65397667E+02          2.05623251E+04
2.22302751E+04       8.97499131E+02          2.13327760E+04
2.30426832E+04       9.29994855E+02          2.21126883E+04
2.38645953E+04       9.62870770E+02          2.29017245E+04
2.46956557E+04       9.96112643E+02          2.36995430E+04
2.55355047E+04       1.02970608E+03          2.45057986E+04
2.63837788E+04       1.06363655E+03          2.53201422E+04
2.72401107E+04       1.09788935E+03          2.61422214E+04
2.81041299E+04       1.13244966E+03          2.69716803E+04
2.89754624E+04       1.16730251E+03          2.78081599E+04
2.98537310E+04       1.20243283E+03          2.86512981E+04
3.07385555E+04       1.23782540E+03          2.95007301E+04
3.16295530E+04       1.27346490E+03          3.03560881E+04
3.25263377E+04       1.30933590E+03          3.12170018E+04
3.34285217E+04       1.34542288E+03          3.20830988E+04
3.43357142E+04       1.38171021E+03          3.29540040E+04
3.52475227E+04       1.41818219E+03          3.38293405E+04
3.61635525E+04       1.45482303E+03          3.47087295E+04
3.70834071E+04       1.49161686E+03          3.55917903E+04
3.80066884E+04       1.52854777E+03          3.64781406E+04
3.89329966E+04       1.56559977E+03          3.73673968E+04
3.98619309E+04       1.60275681E+03          3.82591741E+04
4.07930892E+04       1.64000281E+03          3.91530863E+04
4.17260684E+04       1.67732165E+03          4.00487467E+04
4.26604647E+04       1.71469718E+03          4.09457675E+04
4.35958736E+04       1.75211322E+03          4.18437604E+04
4.45318903E+04       1.78955357E+03          4.27423368E+04
4.54681097E+04       1.82700202E+03          4.36411077E+04
4.64041264E+04       1.86444236E+03          4.45396840E+04
4.73395353E+04       1.90185840E+03          4.54376769E+04
4.82739316E+04       1.93923392E+03          4.63346977E+04
4.92069108E+04       1.97655276E+03          4.72303581E+04
5.01380691E+04       2.01379876E+03          4.81242704E+04
5.10670034E+04       2.05095580E+03          4.90160476E+04
5.19933116E+04       2.08800779E+03          4.99053039E+04
5.29165929E+04       2.12493869E+03          5.07916542E+04
5.38364475E+04       2.16173252E+03          5.16747150E+04
5.47524773E+04       2.19837335E+03          5.25541039E+04
5.56642858E+04       2.23484532E+03          5.34294405E+04
5.65714783E+04       2.27113264E+03          5.43003457E+04
5.74736623E+04       2.30721960E+03          5.51664427E+04
5.83704470E+04       2.34309059E+03          5.60273564E+04
5.92614445E+04       2.37873008E+03          5.68827144E+04
6.01462690E+04       2.41412263E+03          5.77321464E+04
6.10245376E+04       2.44925293E+03          5.85752847E+04
6.18958701E+04       2.48410576E+03          5.94117643E+04
6.27598893E+04       2.51866605E+03          6.02412232E+04
6.36162212E+04       2.55291883E+03          6.10633024E+04
6.44644953E+04       2.58684927E+03          6.18776460E+04
6.53043443E+04       2.62044269E+03          6.26839016E+04
6.61354047E+04       2.65368454E+03          6.34817202E+04
6.69573168E+04       2.68656042E+03          6.42707564E+04
6.77697249E+04       2.71905612E+03          6.50506688E+04
6.85722772E+04       2.75115755E+03          6.58211197E+04
6.93646264E+04       2.78285082E+03          6.65817756E+04
7.01464296E+04       2.81412221E+03          6.73323074E+04
7.09173484E+04       2.84495818E+03          6.80723902E+04
7.16770490E+04       2.87534538E+03          6.88017036E+04
7.24252026E+04       2.90527064E+03          6.95199320E+04
7.31614854E+04       2.93472102E+03          7.02267644E+04
7.38855788E+04       2.96368376E+03          7.09218950E+04
7.45971692E+04       2.99214631E+03          7.16050229E+04
7.52959487E+04       3.02009634E+03          7.22758523E+04
7.59816148E+04       3.04752176E+03          7.29340930E+04
7.66538707E+04       3.07441068E+03          7.35794601E+04
7.73124255E+04       3.10075145E+03          7.42116741E+04
7.79569941E+04       3.12653265E+03          7.48304615E+04
7.85872975E+04       3.15174312E+03          7.54355544E+04
7.92030629E+04       3.17637193E+03          7.60266910E+04
7.98040237E+04       3.20040839E+03          7.66036153E+04
8.03899199E+04       3.22384208E+03          7.71660778E+04
8.09604978E+04       3.24666284E+03          7.77138349E+04
8.15155104E+04       3.26886075E+03          7.82466497E+04
8.20547176E+04       3.29042617E+03          7.87642914E+04
8.25778859E+04       3.31134974E+03          7.92665362E+04
8.30847889E+04       3.33162235E+03          7.97531665E+04
8.35752071E+04       3.35123516E+03          8.02239720E+04
8.40489284E+04       3.37017963E+03          8.06787488E+04
8.45057476E+04       3.38844746E+03          8.11173002E+04
8.49454671E+04       3.40603066E+03          8.15394364E+04
8.53678964E+04       3.42292150E+03          8.19449749E+04
8.57728528E+04       3.43911252E+03          8.23337402E+04
8.61601609E+04       3.45459652E+03          8.27055644E+04
8.65296532E+04       3.46936657E+03          8.30602866E+04
8.68811696E+04       3.48341599E+03          8.33977536E+04
8.72145581E+04       3.49673831E+03          8.37178198E+04
8.75296743E+04       3.50932726E+03          8.40203471E+04
8.78263819E+04       3.52117674E+03          8.43052051E+04
8.81045523E+04       3.53228072E+03          8.45722716E+04
8.83640653E+04       3.54263316E+03          8.48214322E+04
8.86048085E+04       3.55222785E+03          8.50525806E+04
8.88266776E+04       3.56105811E+03          8.52656195E+04
8.90295767E+04       3.56911636E+03          8.54604603E+04
8.92134178E+04       3.57639327E+03          8.56370246E+04
8.93781215E+04       3.58287613E+03          8.57952454E+04
8.95236165E+04       3.58854548E+03          8.59350710E+04
8.96498398E+04       3.59336652E+03          8.60564732E+04
8.97567366E+04       3.59726743E+03          8.61594692E+04
8.98442609E+04       3.60031438E+03          8.62439465E+04
8.99123746E+04       3.60360961E+03          8.63087650E+04
8.99610484E+04       3.60820510E+03          8.63528433E+04
8.99902610E+04       3.61482177E+03          8.63754393E+04
