-487.392             122.002
-497.624              31.676
-498.777            -23.1007
-505.342            -73.4665
-501.908            -56.7416
-501.458            -31.7833
-501.881            -3.31171
-501.19             -22.029
-501.344            -21.4069
-502.238            -39.9416
-500.514            -48.1345
-499.49            -43.7953
-500.254            -48.2817
-499.057             -46.918
-499.094            -43.8159
-499.071            -38.6041
-500.159            -43.0839
-499.833            -46.5806
-500.491            -39.9727
-499.431            -33.2073
-500.09            -42.3338
-499.245            -37.9449
-498.705            -32.5183
-498.072             -35.258
-496.988            -38.2255
-496.362            -34.3222
-496.052            -28.7115
-495.92            -27.8793
-495.846             -31.741
-495.248            -26.5777
-495.447            -19.9592
-496.3            -11.6828
-496.349            -8.88079
-496.484            -11.2669
-496.723            -5.70217
-496.638            -5.91228
-496.51            -3.52054
-496.436            -1.14063
-496.735             4.42836
-496.808              2.0412
-497.189            -3.51532
-497.308            -5.88176
-497.294            -1.49479
-497.754             3.43491
-497.53             2.31827
-497.528            0.197348
-497.563             4.56464
-497.176             5.64487
-497.734            0.443714
-497.484            -2.44024
-497.673            -1.08204
-497.444            0.189154
-497.056             2.13306
-496.719             4.24019
-496.656            0.983818
-496.475            0.108607
-496.328            0.684737
-496.514            -2.96666
-496.733            -6.05197
-496.511            -3.25077
-496.454            -2.10052
-496.511            -2.65384
-496.425            -2.89749
-496.057            -3.92328
-495.797            -5.37782
-496.16            -6.68676
-496.181            -4.13672
-496.279            -6.43029
-496.267            -6.78443
-495.812            -7.49369
-495.594             -5.6411
-495.618            -5.70758
-495.575             -4.2466
-495.817            -2.17435
-495.543            -1.91269
-495.406            -3.20724
-495.693            -6.15499
-495.763            -8.47679
-495.751            -6.92825
-495.698            -4.58573
-495.763             -3.7541
-495.847            -3.74527
-495.728            -2.18142
-495.567              -2.557
-495.556            -3.82567
-495.552            -4.73474
-495.769            -5.65848
-495.716            -3.86009
-495.74            -1.57845
-495.765            0.338222
-495.846             2.61888
-495.875             1.78178
-495.842             1.32105
-495.821             1.78128
-496.107           -0.804758
-496.146            -2.88446
-496.072            -3.59229
-496.15            -4.55565
-496.325            -6.17947
-496.371            -4.40668
-496.523            -6.59196
-496.445            -5.45212
-496.514            -7.33099
-496.393            -7.84938
-496.519            -5.79676
-496.433            -4.69634
-496.728            -7.06536
-496.741            -6.50122
-496.804            -8.31391
-496.552            -7.87211
-496.442            -6.47315
-496.465             -7.8722
-496.409            -7.90612
-496.24            -7.83482
-496.192            -6.97497
-496.177            -5.53098
-496.246            -5.79345
-496.399            -5.47059
-496.348            -6.43351
-496.455             -4.5067
-496.208            -4.49466
-496.308            -4.37677
-496.155            -4.00485
-496.104            -4.90606
-495.989            -3.85653
-495.729            -4.37703
-495.754            -3.65517
-495.666            -3.95406
-495.725            -2.68735
-495.721            -3.85449
-495.701            -4.95482
-495.875            -3.11938
-495.841             -2.0312
-495.847            -2.12319
-495.71            -1.96319
-495.597            -1.69625
-495.537            -2.20123
-495.542            -3.40459
-495.711            -5.05475
-495.685            -4.15634
-495.728            -3.90159
-495.633            -4.54517
-495.631            -4.66832
-495.577            -5.74021
-495.397            -5.65869
-495.395            -5.18258
-495.283            -5.74872
-495.19            -6.17405
-495.354            -6.41411
-495.498            -4.84775
-495.508            -6.01587
-495.491            -5.91458
-495.581            -6.29542
-495.555            -5.35788
-495.53            -5.02972
-495.455            -5.71274
-495.469            -6.66925
-495.454            -5.94446
-495.448            -6.99268
-495.638            -8.49263
-495.678            -7.33549
-495.757            -7.85532
-495.693            -6.95948
-495.671            -7.35276
-495.63            -7.83389
-495.703            -9.09545
-495.574             -9.7217
-495.601            -8.59825
-495.452            -8.72892
-495.418            -8.09953
-495.358            -8.44322
-495.371             -7.2949
-495.353            -7.71821
-495.36            -7.54124
-495.373            -7.04533
-495.5            -5.65303
-495.466            -5.35805
-495.548            -4.11211
-495.543             -3.3855
-495.495            -2.80746
-495.46            -3.32434
-495.435            -3.26264
-495.482            -4.38525
-495.556            -5.58501
-495.573            -6.49186
-495.615            -6.94191
-495.651            -7.96743
-495.662            -7.56497
-495.749            -8.75497
-495.7            -9.17957
-495.706            -10.0855
-495.76            -10.6294
-495.737            -9.67194
-495.707            -8.76327
-495.665            -9.10127
-495.613            -8.32565
-495.671            -8.64998
-495.681            -9.53653
-495.662            -8.67233
-495.718            -9.72638
-495.647            -9.05322
-495.604             -8.8269
-495.614            -8.01008
-495.7            -8.39068
-495.717            -8.32036
-495.666             -8.5443
-495.648            -8.10091
-495.647            -8.48595
-495.496            -8.38851
-495.482            -7.94245
-495.449            -8.63063
-495.437            -8.60225
-495.359            -8.07736
-495.444            -8.20072
-495.475            -8.76721
-495.477            -7.91532
-495.44            -7.81098
-495.318            -8.02995
-495.435            -6.93803
-495.338            -6.33983
-495.321            -6.82124
-495.306            -6.00931
-495.271            -6.01457
-495.231            -6.26158
-495.226            -6.58436
-495.288            -6.94777
-495.305              -7.723
-495.334            -6.78032
-495.406             -7.6893
-495.343             -7.7574
-495.346            -7.15051
-495.333            -6.97557
-495.356            -6.97348
-495.399            -6.10394
-495.315            -6.27518
-495.26            -6.76058
-495.255             -6.3896
-495.352            -5.37696
-495.362            -4.66585
-495.417             -5.3364
-495.368            -4.66953
-495.362            -4.97182
-495.286            -4.73333
-495.326            -3.88955
-495.331            -3.12104
-495.27            -3.17375
-495.291            -2.33905
-495.191             -2.1914
-495.126            -2.16406
-495.133             -1.5897
-495.065            -2.18076
-495.079            -1.45505
-495.124            -1.55722
-495.071            -1.88898
-495.067            -2.55518
-495.039            -2.07956
-495.018            -2.41648
-494.989             -2.4071
-495.088            -3.32025
-495.153            -3.14287
-495.067            -3.43761
-495.136            -4.27571
-495.131            -4.96757
-495.143            -5.68574
-495.228            -5.88853
-495.238            -5.45199
-495.247            -5.59686
-495.227            -6.22777
-495.201            -6.16454
-495.134            -5.69171
-495.12            -5.19652
-495.022            -5.38121
-494.996            -5.15777
-495.012            -5.41504
-495.036            -4.89025
-495.039             -5.4927
-495.131            -6.35155
-495.091            -5.91597
-495.096            -6.29513
-495.047             -6.0682
-495.17            -6.97033
-495.139            -6.97394
-495.1             -7.1061
-495.113            -7.45313
-495.073            -7.84069
-495.105            -8.48486
-495.057            -8.93755
-495.013            -9.06548
-494.989            -8.90085
-495.016            -9.30882
-495.025            -9.04865
-495.006            -9.34109
-494.975            -9.05616
-494.987            -8.90965
-495.038             -9.1038
-495.04            -9.42023
-495.022            -10.0219
-494.971            -10.2144
-494.998            -10.7166
-494.957            -10.8798
-494.937            -10.3445
-494.979            -10.6285
-495.032            -9.93333
-495.024            -10.3881
-495.007            -10.2611
-494.935            -10.4477
-494.895            -10.8202
-494.893            -10.5062
-494.941            -9.81632
-494.998            -9.74077
-495.03            -9.97315
-495.024            -10.1038
-495.046            -10.6691
-494.997            -11.0431
-495.01            -11.5901
-495.042            -12.0544
-495.122            -12.7609
-495.146            -13.0076
-495.177            -13.2773
-495.148            -12.9029
-495.121            -13.2218
-495.182            -13.8674
-495.149            -14.2342
-495.099            -13.9743
-495.087            -14.3299
-495.085             -13.902
-495.106            -13.2789
-495.134            -12.8815
-495.133            -13.3579
-495.193            -13.9949
-495.202            -14.5264
-495.216            -14.3224
-495.204            -13.7542
-495.207            -13.1647
-495.21            -12.5823
-495.156            -12.4681
-495.159            -11.8868
-495.11            -11.6602
-495.099             -11.747
-495.102            -11.2003
-495.091            -11.0008
-495.057            -10.9231
-495.052            -10.9647
-495.079            -10.8798
-495.16            -10.1527
-495.124            -10.3801
-495.093            -10.1745
-495.061            -10.4239
-495.012            -10.4928
-495.019            -11.0553
-495.045            -11.5944
-495.111            -12.0078
-495.096            -12.2131
-495.089            -11.9426
-495.05            -11.9367
-495.068            -11.7343
-495.055            -11.2254
-495.017            -11.4079
-495.035             -11.702
-495.05            -11.9632
-495.054            -11.4907
-495.077            -11.5815
-495.061             -11.393
-495.01            -11.3233
-494.981            -11.5479
-494.975            -11.1998
-495.006            -10.6433
-495.046            -10.2098
-495.095            -9.82799
-495.111            -9.53377
-495.103            -9.88108
-495.096            -9.61064
-495.123            -9.19857
-495.085            -9.47106
-495.142            -10.0812
-495.129            -9.67716
-495.084            -9.31162
-495.123            -8.76877
-495.104            -8.42776
-495.131             -8.7631
-495.107            -8.35802
-495.102             -8.4155
-495.128            -8.49542
-495.097            -8.69406
-495.094            -8.39406
-495.043            -8.11627
-495.057            -8.42744
-495.017            -8.40581
-495.015            -8.09342
-494.974            -8.32215
-494.951             -8.4783
-494.916            -8.25438
-494.939            -7.72624
-494.944            -7.26277
-494.971            -6.75859
-494.986            -6.23882
-494.984            -6.01096
-494.97            -6.26059
-494.998            -5.73158
-495.036            -6.12971
-495.06            -6.50792
-495.026            -6.50291
-495.033            -6.23718
-495.059            -5.70014
-495.051            -5.67063
-495.087             -5.0927
-495.133            -5.53514
-495.136             -5.7993
-495.129            -5.50583
-495.141            -5.04125
-495.141            -4.68613
-495.157            -4.67359
-495.174            -4.44616
-495.207            -4.89321
-495.22            -5.16708
-495.192            -5.06835
-495.2            -4.66063
-495.145            -4.61872
-495.156            -5.01332
-495.177            -4.68211
-495.141            -4.44922
-495.162            -4.84478
-495.195            -4.41973
-495.175            -4.49566
-495.206            -4.97306
-495.147            -5.18376
-495.195            -5.69624
-495.186            -5.49853
-495.183            -5.58288
-495.173            -5.59969
-495.134            -5.33411
-495.167            -4.86375
-495.202            -4.44401
-495.208            -4.45704
-495.172            -4.69754
-495.14            -4.65959
-495.135            -4.45542
-495.139            -4.20203
-495.126            -4.52687
-495.172            -4.15961
-495.173            -4.32469
-495.2            -4.68833
-495.193             -5.0728
-495.176            -5.18172
-495.156            -4.96555
-495.191            -5.38577
-495.222            -5.83485
-495.211            -5.84123
-495.219            -5.57672
-495.208            -5.59052
-495.221            -5.17203
-495.227            -4.74937
-495.257            -5.07739
-495.329            -5.61335
-495.286            -5.41391
-495.247            -5.43845
-495.235            -5.32995
-495.27            -5.48128
-495.268            -5.31408
-495.293            -4.90897
-495.332            -4.70937
-495.331            -5.05788
-495.33            -5.40283
-495.298            -5.50477
-495.304             -5.0954
-495.318            -5.05277
-495.332            -5.01918
-495.329            -4.64767
-495.303            -4.52505
-495.346            -4.43831
-495.37             -4.7616
-495.4            -4.28298
-495.439            -3.81367
-495.442            -3.67181
-495.4            -3.62692
-495.39            -3.32746
-495.393            -2.95256
-495.401            -2.64693
-495.359            -2.92869
-495.357            -2.88007
-495.351            -2.48725
-495.406            -2.00018
-495.388            -2.03842
-495.377            -1.76864
-495.438             -1.2745
-495.476            -1.17929
-495.506             -1.6034
-495.509            -1.85627
-495.516            -1.50934
-495.506            -1.20374
-495.433            -1.30503
-495.432            -1.61404
-495.421            -1.75166
-495.378            -1.82981
-495.364            -1.51175
-495.304            -1.69153
-495.299            -1.83842
-495.317            -1.61077
-495.294            -1.33749
-495.264            -1.16178
-495.275            -1.44342
-495.315           -0.974442
-495.293             -0.9353
-495.298            -1.29588
-495.266            -1.39894
-495.294            -1.68229
-495.304            -1.92816
-495.311            -2.08323
-495.318            -1.73143
-495.328            -1.31384
-495.305             -1.0354
-495.292            -1.16688
-495.305           -0.988947
-495.302            -1.16484
-495.306           -0.861837
-495.362           -0.380539
-495.366           -0.140132
-495.323         -0.00461776
-495.307           -0.021553
-495.324           -0.426162
-495.316           -0.436511
-495.305           -0.413364
-495.334           -0.764715
-495.342           -0.686069
-495.399           -0.215185
-495.406            0.140125
-495.426         -0.00873245
-495.399          -0.0701136
-495.389           -0.128386
-495.38           -0.194951
-495.361            -0.05342
-495.36           0.0313647
-495.365            0.206353
-495.326            0.346206
-495.365            0.758905
-495.393            0.384884
-495.397            0.379914
-495.364            0.406454
-495.351            0.332312
-495.318            0.410459
-495.325             0.54285
-495.327            0.789716
-495.322             1.05094
-495.32             1.08785
-495.318             1.23552
-495.363             1.65514
-495.375             1.99797
-495.339             2.02773
-495.338             2.30667
-495.347             2.62464
-495.31             2.84583
-495.353              2.8972
-495.364             2.93847
-495.353             2.73693
-495.316             2.90963
-495.297             2.90627
-495.307             3.22868
-495.315             3.42334
-495.324             3.22684
-495.321             2.91727
-495.299              2.7971
-495.297             3.09093
-495.288             3.15033
-495.245             3.19185
-495.247             3.09571
-495.254             3.42375
-495.259             3.47863
-495.266             3.44576
-495.284             3.80836
-495.297             4.16742
-495.294             4.24618
-495.268             4.22393
-495.254             4.00744
-495.269             3.65057
-495.261             3.51948
-495.277             3.16734
-495.267             3.29254
-495.266             3.03053
-495.291             2.95938
-495.33              3.3229
-495.362             2.93081
-495.407             3.25379
-495.398             3.38849
-495.406             3.04236
-495.371             2.97072
-495.375             2.66214
-495.331             2.71776
-495.345             2.55087
-495.342             2.35913
-495.352             2.35787
-495.347             2.47323
-495.338             2.35771
-495.378             2.20203
-495.359             2.06447
-495.328             2.08756
-495.281              2.0809
-495.267             1.84325
-495.27             1.60204
-495.263             1.74075
-495.241             1.87092
-495.249             2.12111
-495.235             2.24675
-495.195             2.20884
-495.225             2.30435
-495.195             2.34324
-495.197             2.17157
-495.19             1.93195
-495.235             2.32118
-495.237             2.58633
-495.224             2.86592
-495.25             2.86742
-495.247             2.90014
-495.254             3.07634
-495.246             3.13436
-495.291             3.15642
-495.287             3.42558
-495.279             3.30383
-495.295             3.24559
-495.298             3.31229
-495.277             3.45484
-495.263             3.71183
-495.262             3.48521
-495.255             3.73569
-495.247             3.81323
-495.277             3.73033
-495.294             3.39176
-495.27              3.4481
-495.248             3.21694
-495.277             2.85187
-495.271             2.55602
-495.293             2.89055
-495.277             2.74297
-495.291             2.60579
-495.288             2.33654
-495.295             2.09357
-495.3             1.82405
-495.281             1.68222
-495.314             1.37578
-495.322             1.34413
-495.312             1.33213
-495.314             1.36864
-495.298             1.47635
-495.303             1.56017
-495.307             1.43392
-495.327             1.09289
-495.315            0.976938
-495.308            0.919317
-495.307            0.651519
-495.292            0.562481
-495.272            0.437917
-495.249            0.500928
-495.242            0.480831
-495.23            0.311081
-495.265            0.414835
-495.303           0.0456702
-495.284          -0.0576921
-495.306            0.256107
-495.303            0.511128
-495.29            0.387845
-495.284            0.106518
-495.298          -0.0630227
-495.31            0.248976
-495.31            0.421511
-495.328            0.119816
-495.349            0.381311
-495.364            0.248712
-495.359            0.220054
-495.377             0.52547
-495.363            0.743764
-495.366            0.434179
-495.373             0.55056
-495.352            0.564637
-495.329             0.67526
-495.324            0.500309
-495.322            0.411212
-495.305            0.468722
-495.294            0.425891
-495.282            0.503478
-495.239            0.545826
-495.219            0.600106
-495.208            0.748329
-495.215            0.924504
-495.235            0.710732
-495.253            0.638924
-495.285            0.981291
-495.289            0.867726
-495.281            0.708801
-495.258            0.579142
-495.268            0.669001
-495.268            0.879142
-495.222            0.769337
-495.239            0.514931
-495.233            0.251622
-495.232            0.410409
-495.231            0.443269
-495.205            0.653733
-495.208            0.476399
-495.221            0.346057
-495.237            0.219977
-495.244            0.323383
-495.23            0.147552
-495.199             0.12553
-495.199             0.31324
-495.201           0.0764545
-495.175            0.152721
-495.168            0.126499
-495.195           -0.168905
-495.182          -0.0402797
-495.2            0.108417
-495.204           0.0720479
-495.21            0.342973
-495.207            0.496388
-495.191            0.386359
-495.16            0.257431
-495.188            0.578848
-495.215            0.874363
-495.208            0.884385
-495.231             1.15204
-495.221             1.27869
-495.232             1.26784
-495.228              1.1625
-495.225               1.296
-495.194              1.4091
-495.211             1.40672
-495.246             1.68645
-495.257              1.8686
-495.272             2.00475
-495.282             1.96684
-495.275             2.10347
-495.26              2.1693
-495.238             2.37639
-495.233             2.38062
-495.239             2.56309
-495.216             2.59558
-495.215             2.39319
-495.234             2.34662
-495.266             2.33918
-495.265             2.09111
-495.268             2.10107
-495.293             1.82592
-495.312             1.66568
-495.296             1.48972
-495.325             1.17827
-495.326             1.15058
-495.329             1.36856
-495.321             1.58412
-495.316             1.56848
-495.293             1.67996
-495.29              1.4844
-495.303             1.30449
-495.335             1.59777
-495.34             1.64755
-495.32             1.68466
-495.314             1.64605
-495.323             1.81038
-495.301             1.64562
-495.271             1.77601
-495.27             1.64476
-495.3             1.35192
-495.279             1.22059
-495.273              1.3828
-495.274             1.38254
-495.276             1.21748
-495.293             1.06324
-495.292             1.08519
-495.289             1.07821
-495.261             1.20046
-495.295            0.911937
-495.311             0.64909
-495.311            0.424966
-495.309            0.488999
-495.327            0.393202
-495.342            0.432536
-495.351            0.507124
-495.357             0.57151
-495.335            0.691263
-495.326            0.917048
-495.322            0.804005
-495.315            0.810447
-495.296            0.662095
-495.286            0.615186
-495.261            0.468726
-495.281            0.432381
-495.287            0.635791
-495.293            0.736558
-495.312            0.628244
-495.321            0.378544
-495.358           0.0733096
-495.352          -0.0969151
-495.347           -0.251223
-495.385           -0.170316
-495.382            -0.28376
-495.358           -0.433609
-495.343           -0.384131
-495.339           -0.526803
-495.369            -0.83347
-495.375            -1.05315
-495.36           -0.871248
-495.342           -0.715489
-495.327            -0.64696
-495.313           -0.794879
-495.292           -0.766968
-495.281           -0.642244
-495.298            -0.56807
-495.303           -0.807948
-495.338            -1.10801
-495.332            -1.15124
-495.334            -1.07739
-495.324           -0.858944
-495.35           -0.729822
-495.378           -0.440604
-495.409           -0.212273
-495.428          -0.0798819
-495.44           -0.262494
-495.432           -0.280636
-495.452         -0.00252451
-495.437           0.0683745
-495.457           0.0972176
-495.468            0.355705
-495.483            0.622446
-495.482            0.415927
-495.476            0.330229
-495.456            0.467492
-495.442            0.383876
-495.446            0.308938
-495.426             0.36585
-495.411            0.527821
-495.404            0.577193
-495.403            0.372497
-495.438             0.25421
-495.46            0.533993
-495.459            0.462678
-495.447             0.35504
-495.445             0.54964
-495.416            0.534424
-495.421            0.587469
-495.418            0.653945
-495.395            0.567332
-495.401            0.804389
-495.378            0.965774
-495.371             1.00635
-495.369             0.86909
-495.337            0.883393
-495.314            0.842836
-495.319            0.839058
-495.311            0.866943
-495.288            0.920368
-495.286            0.819554
-495.285            0.684629
-495.271            0.854833
-495.253            0.861739
-495.26            0.837824
-495.249            0.742302
-495.26            0.497904
-495.233            0.424367
-495.227            0.333841
-495.228            0.468798
-495.204            0.595688
-495.195            0.598419
-495.222            0.327044
-495.235            0.205798
-495.251            0.113072
-495.245            0.157743
-495.244            0.356178
-495.228             0.28732
-495.234           0.0474781
-495.214          -0.0902284
-495.221           -0.303334
-495.241          -0.0410702
-495.241         4.82759e-05
-495.22           0.0211527
-495.215          -0.0375436
-495.233           -0.291416
-495.263           -0.272435
-495.264          -0.0623726
-495.261          -0.0847626
-495.267           -0.240702
-495.262           -0.365451
-495.287           -0.599365
-495.28           -0.605155
-495.261           -0.481748
-495.248           -0.462136
-495.266           -0.481103
-495.259           -0.501878
-495.256           -0.395889
-495.272           -0.145458
-495.267           0.0405118
-495.277           0.0526306
-495.266          -0.0327267
-495.264           0.0534517
-495.266           -0.131131
-495.252          0.00503812
-495.242           -0.156038
-495.248           -0.119128
-495.229           -0.179084
-495.222           -0.333522
-495.226           -0.188339
-495.223           -0.239528
-495.201           -0.207502
-495.192           -0.149551
-495.176            -0.12032
-495.162          -0.0343925
-495.159           -0.217499
-495.132           -0.137327
-495.126           0.0192155
-495.112           -0.120616
-495.129           -0.106234
-495.119          -0.0712225
-495.105           0.0112739
-495.108          -0.0915516
-495.09           -0.262022
-495.118           -0.462208
-495.129           -0.603904
-495.149           -0.688871
-495.136           -0.594219
-495.149           -0.361965
-495.143           -0.279333
-495.135              -0.386
-495.125           -0.347038
-495.11           -0.529467
-495.097            -0.66463
-495.06           -0.653937
-495.054           -0.673324
-495.064           -0.483755
-495.053           -0.462275
-495.061           -0.526937
-495.061           -0.453113
-495.046            -0.31147
-495.039           -0.134099
-495.046           0.0563097
-495.032           0.0113469
-495.03           0.0505944
-495.037           -0.155149
-495.029           -0.137987
-495.028           -0.259827
-495.039           -0.304323
-495.055          -0.0696051
-495.059           0.0117783
-495.072         -0.00477529
-495.078          -0.0332106
-495.047         -0.00519872
-495.045            0.110535
-495.027            0.190829
-495.027            0.136617
-495.015             0.14036
-495.018            0.115118
-495.015            0.258739
-495.006            0.420295
-494.982            0.458354
-494.974            0.452255
-494.977            0.575115
-494.966            0.547324
-494.941             0.53204
-494.931            0.617788
-494.915            0.527087
-494.914             0.56896
-494.89            0.628744
-494.881            0.564843
-494.891            0.666038
-494.878            0.660548
-494.871            0.667935
-494.845             0.66222
-494.863            0.558166
-494.856            0.657552
-494.854            0.780651
-494.857            0.867795
-494.887             1.11145
-494.891              1.2593
-494.913             1.02589
-494.908             1.17536
-494.907             1.05836
-494.904            0.858938
-494.907            0.664804
-494.926            0.453312
-494.925            0.575085
-494.937            0.409379
-494.946             0.22399
-494.933            0.257781
-494.929            0.384558
-494.912            0.325541
-494.912            0.458226
-494.908            0.630497
-494.908              0.4647
-494.911            0.598476
-494.887            0.645096
-494.88              0.4714
-494.889            0.640582
-494.861            0.523931
-494.876            0.629573
-494.88            0.410554
-494.876             0.36779
-494.873            0.326222
-494.881            0.155186
-494.879             0.24561
-494.898            0.305355
-494.893            0.212327
-494.877            0.278991
-494.876            0.399998
-494.881            0.596707
-494.864            0.470984
