-500.676  -166.746
-492.416   -86.169
-489.147  -89.1087
-485.452  -57.8585
-490.093  -69.4624
-489.676   -62.818
-490.202  -39.8963
-490.803  -44.2165
-493.612  -65.9469
-493.286  -65.7348
-494.965  -78.2833
-495.107  -84.4947
-493.71  -82.2845
-494.494  -77.9799
-493.714  -75.4061
-494.363  -57.7984
-495.384  -41.0447
-495.192  -29.5206
-496.194  -16.7644
-496.072  -12.3897
-496.753  -12.7221
-497.057  -3.52164
-496.611   3.60565
-496.48   8.31158
-497.112   13.4503
-496.753    10.458
-496.771    2.6903
-496.357   5.62893
-496.093  0.147931
-495.83    -1.413
-496.038   5.02432
-496.329   2.73244
-496.477   6.65073
-495.948     6.591
-495.895   4.64154
-496.054 -0.393611
-496.089   1.36135
-496.403 -0.610579
-496.235   2.70518
-495.888   2.09065
-495.997   1.12649
-495.364    3.0029
-495.186 -0.911721
-495.077   2.35423
-495.006   4.29756
-494.565   2.72843
-494.724  0.222511
-495.239   5.04288
-495.211   1.84212
-494.917  -0.46788
-494.757   1.94345
-494.716    -1.025
-494.799  -4.62464
-494.689  -2.45441
-494.589  -5.22273
-494.407   -5.0425
-494.225  -5.18646
-494.27    -2.169
-494.154   -3.1501
-494.576  0.825333
-494.8  -1.05593
-494.856  0.382903
-494.774   1.26111
-494.63   1.09178
-494.58  0.597662
-494.822 -0.952061
-494.818  -2.33561
-494.763  -2.76503
-494.532  -1.69728
-494.536    -2.589
-494.765  -4.31532
-494.934  -7.28906
-494.996  -5.98386
-494.952  -6.73332
-494.945  -5.61669
-494.812  -7.09524
-494.766    -8.338
-494.732  -10.5719
-494.684  -10.5958
-494.557  -12.4826
-494.55  -13.5303
-494.263  -14.0882
-494.285  -14.5713
-494.08   -13.975
-494.022    -14.32
-494.185  -15.5259
-494.068  -14.3822
-494.027  -12.2553
-494.183  -12.5484
-493.918  -12.3818
-493.912   -11.877
-494.2   -9.4077
-494.307  -8.25178
-494.246  -8.55483
-494.313  -6.37823
-494.329  -4.42727
-494.439  -2.23458
-494.46  -1.86876
-494.646  -1.41713
-494.759  -2.01534
-494.739 -0.301307
-494.626 -0.491098
-494.423 -0.565049
-494.492  -2.61177
-494.2  -1.78543
-494.102   -1.8814
-494.094  -2.39542
-494.097  -2.18263
-494.234    -1.896
-494.359  0.113891
-494.406  0.261279
-494.466   1.14818
-494.328  0.435894
-494.422    1.8047
-494.512   3.15296
-494.511   3.20741
-494.391   3.25443
-494.281   4.15276
-494.328   5.75368
-494.347   6.99472
-494.297   7.48729
-494.247   7.08585
-494.259   7.92637
-494.217   8.41182
-494.342   8.60629
-494.159   8.44402
-494.235   7.17688
-494.251    7.3228
-494.4   8.34837
-494.329   9.62622
-494.224   10.1727
-494.277   11.2306
-494.221   12.2914
-494.202   11.1036
-494.19   11.6089
-494.447   10.0962
-494.384    10.694
-494.284   10.9779
-494.24    10.966
-494.131   11.5327
-494.048    11.704
-494.134   10.2006
-494.258   8.92615
-494.348   9.45931
-494.369   9.83848
-494.369   10.9177
-494.374   11.9659
-494.396   13.0581
-494.396   13.9686
-494.534   15.3296
-494.603   15.9049
-494.781   17.2202
-494.728   16.1762
-494.627   16.5686
-494.7    17.631
-494.673   18.4533
-494.611   18.1288
-494.562   18.7655
-494.582    17.999
-494.523   17.3215
-494.711   15.6748
-494.746    16.746
-494.73   17.6269
-494.785   18.7127
-494.827   19.1169
-494.874    17.824
