-799.112   399.768
-798.96   399.733
-799.004   399.745
-798.99   399.741
-798.981   399.738
-798.935   399.728
-798.9   399.719
-798.88   399.714
-798.87   399.711
-798.878   399.714
-798.884   399.715
-798.881   399.714
-798.897   399.718
-798.9   399.719
-798.895   399.718
-798.89   399.717
-798.894   399.718
-798.89   399.717
-798.896   399.718
-798.881   399.715
-798.878   399.714
-798.874   399.713
-798.874   399.713
-798.873   399.713
-798.872   399.713
-798.869   399.712
-798.877   399.714
-798.869   399.712
-798.867   399.712
-798.869   399.712
-798.869   399.712
-798.87   399.712
-798.866   399.711
-798.867   399.711
-798.867   399.712
-798.873   399.713
-798.865   399.711
-798.867   399.711
-798.865   399.711
-798.867   399.711
-798.871   399.712
-798.868   399.712
-798.874   399.713
-798.873   399.713
-798.872   399.713
-798.874   399.713
-798.873   399.713
-798.875   399.713
-798.874   399.713
-798.872   399.713
-798.871   399.712
-798.868   399.711
-798.871   399.712
-798.871   399.712
-798.872   399.712
-798.87   399.712
-798.874   399.713
-798.874   399.713
-798.875   399.713
-798.871   399.713
-798.869   399.712
-798.866   399.711
-798.861    399.71
-798.857   399.709
-798.858   399.709
-798.86   399.709
-798.861    399.71
-798.86    399.71
-798.86    399.71
-798.861    399.71
-798.859   399.709
-798.861    399.71
-798.86    399.71
-798.859   399.709
-798.856   399.709
-798.857   399.709
-798.858   399.709
-798.858   399.709
-798.859   399.709
-798.86   399.709
-798.862    399.71
-798.861    399.71
-798.861    399.71
-798.86   399.709
-798.86    399.71
-798.859   399.709
-798.858   399.709
-798.856   399.709
-798.857   399.709
-798.859   399.709
-798.86   399.709
-798.861    399.71
-798.86    399.71
-798.863    399.71
-798.861    399.71
-798.86    399.71
-798.861    399.71
-798.86    399.71
-798.859   399.709
-798.86    399.71
-798.861    399.71
-798.863    399.71
-798.864    399.71
-798.864   399.711
-798.865   399.711
-798.865   399.711
-798.864   399.711
-798.865   399.711
-798.865   399.711
-798.864   399.711
-798.864   399.711
-798.865   399.711
-798.868   399.712
-798.868   399.712
-798.87   399.712
-798.867   399.711
-798.866   399.711
-798.868   399.712
-798.868   399.712
-798.869   399.712
-798.871   399.712
-798.873   399.713
-798.872   399.713
-798.871   399.712
-798.87   399.712
-798.871   399.712
-798.87   399.712
-798.873   399.713
-798.873   399.713
-798.874   399.713
-798.874   399.713
-798.875   399.713
-798.875   399.713
-798.875   399.713
-798.876   399.714
-798.875   399.713
-798.875   399.713
-798.876   399.714
-798.875   399.714
-798.875   399.714
-798.877   399.714
-798.876   399.714
-798.877   399.714
-798.877   399.714
-798.877   399.714
-798.875   399.713
-798.874   399.713
-798.874   399.713
-798.873   399.713
-798.871   399.712
-798.871   399.712
-798.871   399.712
-798.871   399.712
-798.871   399.713
-798.871   399.713
-798.87   399.712
-798.87   399.712
-798.87   399.712
-798.871   399.713
-798.871   399.713
-798.872   399.713
-798.871   399.712
-798.871   399.712
-798.872   399.713
-798.874   399.713
-798.873   399.713
-798.874   399.713
-798.874   399.713
-798.874   399.713
-798.875   399.713
-798.875   399.713
-798.874   399.713
-798.871   399.713
-798.871   399.712
-798.872   399.713
-798.87   399.712
-798.87   399.712
-798.869   399.712
-798.87   399.712
-798.868   399.712
-798.868   399.712
-798.867   399.711
-798.867   399.711
-798.868   399.712
-798.868   399.712
-798.869   399.712
-798.868   399.712
-798.868   399.712
-798.868   399.712
-798.869   399.712
-798.87   399.712
-798.871   399.712
-798.87   399.712
-798.869   399.712
-798.87   399.712
-798.869   399.712
-798.87   399.712
-798.869   399.712
-798.869   399.712
-798.868   399.712
-798.868   399.712
-798.868   399.712
-798.867   399.711
-798.866   399.711
-798.865   399.711
-798.865   399.711
-798.865   399.711
-798.865   399.711
-798.864   399.711
-798.863    399.71
-798.865   399.711
-798.864   399.711
-798.863    399.71
-798.864   399.711
-798.865   399.711
-798.864   399.711
-798.864   399.711
-798.864    399.71
-798.864    399.71
-798.863    399.71
-798.863    399.71
-798.863    399.71
-798.861    399.71
-798.861    399.71
-798.86   399.709
-798.86   399.709
-798.86   399.709
-798.859   399.709
-798.86   399.709
-798.86   399.709
-798.859   399.709
-798.859   399.709
-798.859   399.709
-798.858   399.709
-798.858   399.709
-798.858   399.709
-798.858   399.709
-798.858   399.709
-798.857   399.709
-798.857   399.709
-798.857   399.709
-798.858   399.709
-798.858   399.709
-798.857   399.709
-798.857   399.709
-798.856   399.708
-798.855   399.708
-798.856   399.708
-798.857   399.708
-798.857   399.709
-798.857   399.709
-798.857   399.709
-798.857   399.708
-798.857   399.708
-798.858   399.709
-798.857   399.709
-798.858   399.709
-798.858   399.709
-798.858   399.709
-798.858   399.709
-798.858   399.709
-798.858   399.709
-798.858   399.709
-798.858   399.709
-798.858   399.709
-798.858   399.709
-798.859   399.709
-798.86   399.709
-798.86   399.709
-798.86   399.709
-798.86   399.709
-798.859   399.709
-798.858   399.709
-798.859   399.709
-798.859   399.709
-798.859   399.709
-798.858   399.709
-798.858   399.709
-798.859   399.709
-798.858   399.709
-798.858   399.709
-798.859   399.709
-798.859   399.709
-798.859   399.709
-798.858   399.709
-798.858   399.709
-798.858   399.709
-798.859   399.709
-798.859   399.709
-798.86   399.709
-798.86   399.709
-798.861   399.709
-798.861    399.71
-798.86   399.709
-798.861    399.71
-798.862    399.71
-798.862    399.71
-798.862    399.71
-798.862    399.71
-798.862    399.71
-798.862    399.71
-798.862    399.71
-798.862    399.71
-798.863    399.71
-798.863    399.71
-798.863    399.71
-798.863    399.71
-798.863    399.71
-798.863    399.71
-798.863    399.71
-798.862    399.71
-798.863    399.71
-798.863    399.71
-798.863    399.71
-798.863    399.71
-798.863    399.71
-798.864    399.71
-798.864    399.71
-798.865    399.71
-798.865    399.71
-798.865   399.711
-798.865   399.711
-798.865   399.711
-798.865   399.711
-798.866   399.711
-798.867   399.711
-798.867   399.711
-798.867   399.711
-798.867   399.711
-798.867   399.711
-798.867   399.711
-798.867   399.711
-798.867   399.711
-798.867   399.711
-798.867   399.711
-798.868   399.711
-798.868   399.711
-798.868   399.711
-798.868   399.711
-798.868   399.711
-798.868   399.711
-798.868   399.711
-798.869   399.712
-798.869   399.712
-798.869   399.712
-798.869   399.712
-798.87   399.712
-798.87   399.712
-798.87   399.712
-798.87   399.712
-798.87   399.712
-798.87   399.712
-798.871   399.712
-798.871   399.712
-798.871   399.712
-798.871   399.712
-798.871   399.712
-798.872   399.712
-798.871   399.712
-798.871   399.712
-798.871   399.712
-798.871   399.712
-798.871   399.712
-798.871   399.712
-798.871   399.712
-798.871   399.712
-798.871   399.712
-798.871   399.712
-798.871   399.712
-798.871   399.712
-798.871   399.712
-798.87   399.712
-798.87   399.712
-798.87   399.712
-798.87   399.712
-798.87   399.712
-798.869   399.712
-798.869   399.712
-798.869   399.712
-798.868   399.712
-798.869   399.712
-798.869   399.712
-798.869   399.712
-798.869   399.712
-798.869   399.712
-798.87   399.712
-798.87   399.712
-798.87   399.712
-798.869   399.712
-798.869   399.712
-798.869   399.712
-798.869   399.712
-798.87   399.712
-798.869   399.712
-798.869   399.712
-798.869   399.712
-798.869   399.712
-798.869   399.712
-798.869   399.712
-798.869   399.712
-798.869   399.712
-798.869   399.712
-798.869   399.712
-798.869   399.712
-798.869   399.712
-798.869   399.712
-798.869   399.712
-798.869   399.712
-798.868   399.711
-798.869   399.712
-798.868   399.711
-798.869   399.712
-798.868   399.712
-798.869   399.712
-798.869   399.712
-798.869   399.712
-798.869   399.712
-798.87   399.712
-798.87   399.712
-798.87   399.712
-798.87   399.712
-798.871   399.712
-798.87   399.712
-798.87   399.712
-798.869   399.712
-798.869   399.712
-798.869   399.712
-798.87   399.712
-798.87   399.712
-798.87   399.712
-798.87   399.712
-798.87   399.712
-798.87   399.712
-798.87   399.712
-798.871   399.712
-798.872   399.712
-798.872   399.712
-798.872   399.713
-798.872   399.712
-798.872   399.713
-798.872   399.712
-798.873   399.713
-798.873   399.713
-798.873   399.713
-798.872   399.713
-798.872   399.712
-798.872   399.712
-798.872   399.713
-798.872   399.712
-798.872   399.712
-798.872   399.713
-798.872   399.712
-798.871   399.712
-798.871   399.712
-798.871   399.712
-798.871   399.712
-798.871   399.712
-798.871   399.712
-798.871   399.712
-798.871   399.712
-798.871   399.712
-798.871   399.712
-798.872   399.713
-798.872   399.713
-798.873   399.713
-798.872   399.713
-798.873   399.713
-798.872   399.713
-798.872   399.712
-798.872   399.712
-798.872   399.712
-798.872   399.712
-798.872   399.712
-798.872   399.712
-798.872   399.712
-798.872   399.712
-798.872   399.712
-798.872   399.713
-798.872   399.713
-798.873   399.713
-798.873   399.713
-798.872   399.713
-798.872   399.713
-798.873   399.713
-798.873   399.713
-798.873   399.713
-798.873   399.713
-798.873   399.713
-798.873   399.713
-798.873   399.713
-798.873   399.713
-798.873   399.713
-798.873   399.713
-798.872   399.713
-798.872   399.713
-798.872   399.713
-798.872   399.712
-798.872   399.713
-798.873   399.713
-798.873   399.713
-798.872   399.713
-798.872   399.713
-798.872   399.712
-798.872   399.712
-798.872   399.713
-798.873   399.713
-798.873   399.713
-798.873   399.713
-798.873   399.713
-798.873   399.713
-798.873   399.713
-798.873   399.713
-798.873   399.713
-798.873   399.713
-798.873   399.713
-798.873   399.713
-798.873   399.713
-798.873   399.713
-798.873   399.713
-798.873   399.713
-798.873   399.713
-798.873   399.713
-798.873   399.713
-798.873   399.713
-798.873   399.713
-798.873   399.713
-798.873   399.713
-798.873   399.713
-798.873   399.713
-798.873   399.713
-798.873   399.713
-798.874   399.713
-798.874   399.713
-798.874   399.713
-798.874   399.713
-798.874   399.713
-798.874   399.713
-798.874   399.713
-798.874   399.713
-798.874   399.713
-798.874   399.713
-798.874   399.713
-798.874   399.713
-798.874   399.713
-798.874   399.713
-798.874   399.713
-798.874   399.713
-798.874   399.713
-798.874   399.713
-798.874   399.713
-798.874   399.713
-798.874   399.713
-798.874   399.713
-798.873   399.713
-798.874   399.713
-798.873   399.713
-798.873   399.713
-798.873   399.713
-798.873   399.713
-798.872   399.712
-798.872   399.712
-798.872   399.712
-798.872   399.712
-798.872   399.712
-798.872   399.712
-798.872   399.712
-798.872   399.712
-798.872   399.712
-798.872   399.712
-798.872   399.712
-798.872   399.712
-798.872   399.712
-798.872   399.712
-798.872   399.712
-798.872   399.712
-798.871   399.712
-798.872   399.712
-798.871   399.712
-798.871   399.712
-798.871   399.712
-798.871   399.712
-798.871   399.712
-798.871   399.712
-798.871   399.712
-798.871   399.712
-798.87   399.712
-798.871   399.712
-798.871   399.712
-798.871   399.712
-798.872   399.712
-798.872   399.712
-798.872   399.712
-798.871   399.712
-798.871   399.712
-798.871   399.712
-798.871   399.712
-798.872   399.712
-798.872   399.712
-798.872   399.712
-798.872   399.712
-798.873   399.713
-798.872   399.712
-798.872   399.712
-798.872   399.712
-798.872   399.712
-798.871   399.712
-798.871   399.712
-798.871   399.712
-798.871   399.712
-798.871   399.712
-798.871   399.712
-798.871   399.712
-798.871   399.712
-798.871   399.712
-798.871   399.712
-798.871   399.712
-798.871   399.712
-798.871   399.712
-798.871   399.712
-798.871   399.712
-798.87   399.712
-798.87   399.712
-798.871   399.712
-798.87   399.712
-798.871   399.712
-798.871   399.712
-798.87   399.712
-798.87   399.712
-798.871   399.712
-798.87   399.712
-798.87   399.712
-798.87   399.712
-798.87   399.712
-798.87   399.712
-798.87   399.712
-798.87   399.712
-798.87   399.712
-798.87   399.712
-798.869   399.712
-798.869   399.712
-798.87   399.712
-798.87   399.712
-798.871   399.712
-798.871   399.712
-798.871   399.712
-798.871   399.712
-798.871   399.712
-798.871   399.712
-798.871   399.712
-798.871   399.712
-798.871   399.712
-798.871   399.712
-798.871   399.712
-798.871   399.712
-798.871   399.712
-798.871   399.712
-798.871   399.712
-798.871   399.712
-798.871   399.712
-798.871   399.712
-798.871   399.712
-798.871   399.712
-798.871   399.712
-798.871   399.712
-798.871   399.712
-798.871   399.712
-798.871   399.712
-798.87   399.712
-798.87   399.712
-798.87   399.712
-798.87   399.712
-798.871   399.712
-798.871   399.712
-798.871   399.712
-798.87   399.712
-798.87   399.712
-798.871   399.712
-798.871   399.712
-798.871   399.712
-798.871   399.712
-798.87   399.712
-798.87   399.712
-798.87   399.712
-798.87   399.712
-798.87   399.712
-798.87   399.712
-798.87   399.712
-798.869   399.712
-798.869   399.712
-798.869   399.712
-798.869   399.712
-798.87   399.712
-798.87   399.712
-798.869   399.712
-798.869   399.712
-798.869   399.712
-798.869   399.711
-798.868   399.711
-798.868   399.711
-798.868   399.711
-798.868   399.711
-798.868   399.711
-798.868   399.711
-798.869   399.712
-798.868   399.711
-798.868   399.711
-798.868   399.711
-798.868   399.711
-798.868   399.711
-798.868   399.711
-798.868   399.711
-798.868   399.711
-798.868   399.711
-798.868   399.711
-798.868   399.711
-798.868   399.711
-798.868   399.711
-798.868   399.711
-798.867   399.711
-798.867   399.711
-798.867   399.711
-798.867   399.711
-798.867   399.711
-798.867   399.711
-798.867   399.711
-798.867   399.711
-798.868   399.711
-798.868   399.711
-798.867   399.711
-798.867   399.711
-798.867   399.711
-798.867   399.711
-798.868   399.711
-798.868   399.711
-798.868   399.711
-798.868   399.711
-798.867   399.711
-798.867   399.711
-798.867   399.711
-798.867   399.711
-798.867   399.711
-798.867   399.711
-798.868   399.711
-798.868   399.711
-798.868   399.711
-798.868   399.711
-798.868   399.711
-798.868   399.711
-798.868   399.711
-798.868   399.711
-798.868   399.711
-798.868   399.711
-798.868   399.711
-798.868   399.711
-798.868   399.711
-798.868   399.711
-798.868   399.711
-798.868   399.711
-798.868   399.711
-798.869   399.712
-798.868   399.712
-798.868   399.711
-798.868   399.711
-798.868   399.711
-798.868   399.711
-798.869   399.711
-798.868   399.711
-798.869   399.712
-798.869   399.712
-798.869   399.712
-798.868   399.711
-798.869   399.712
-798.869   399.712
-798.869   399.712
-798.869   399.712
-798.868   399.711
-798.868   399.711
-798.868   399.711
-798.868   399.711
-798.868   399.711
-798.868   399.711
-798.869   399.712
-798.868   399.711
-798.868   399.711
-798.868   399.711
-798.868   399.711
-798.868   399.711
-798.868   399.711
-798.868   399.711
-798.868   399.711
-798.868   399.711
-798.868   399.711
-798.868   399.711
-798.868   399.711
-798.868   399.711
-798.868   399.711
-798.868   399.711
-798.868   399.711
-798.868   399.711
-798.868   399.711
-798.868   399.711
-798.868   399.711
-798.868   399.711
-798.868   399.711
-798.868   399.711
-798.868   399.711
-798.868   399.711
-798.869   399.711
-798.869   399.711
-798.868   399.711
-798.868   399.711
-798.868   399.711
-798.868   399.711
-798.868   399.711
-798.868   399.711
-798.868   399.711
-798.868   399.711
-798.868   399.711
-798.868   399.711
-798.867   399.711
-798.867   399.711
-798.867   399.711
-798.867   399.711
-798.867   399.711
-798.867   399.711
-798.867   399.711
-798.867   399.711
-798.867   399.711
-798.867   399.711
-798.867   399.711
-798.867   399.711
-798.867   399.711
-798.867   399.711
-798.868   399.711
-798.867   399.711
-798.867   399.711
-798.867   399.711
-798.867   399.711
-798.867   399.711
-798.867   399.711
-798.867   399.711
-798.867   399.711
-798.867   399.711
-798.867   399.711
-798.867   399.711
-798.867   399.711
-798.867   399.711
-798.867   399.711
-798.867   399.711
-798.867   399.711
-798.867   399.711
-798.867   399.711
-798.867   399.711
-798.867   399.711
-798.867   399.711
-798.867   399.711
-798.867   399.711
-798.867   399.711
-798.867   399.711
-798.866   399.711
-798.866   399.711
-798.867   399.711
-798.867   399.711
-798.867   399.711
-798.867   399.711
-798.867   399.711
-798.867   399.711
-798.867   399.711
-798.867   399.711
-798.867   399.711
-798.867   399.711
-798.867   399.711
-798.867   399.711
-798.867   399.711
-798.867   399.711
-798.867   399.711
-798.867   399.711
-798.868   399.711
-798.867   399.711
-798.867   399.711
-798.867   399.711
-798.867   399.711
-798.867   399.711
-798.867   399.711
-798.867   399.711
-798.868   399.711
-798.868   399.711
-798.868   399.711
-798.868   399.711
-798.868   399.711
-798.869   399.712
-798.868   399.711
-798.868   399.712
-798.869   399.712
-798.868   399.712
-798.869   399.712
-798.869   399.712
-798.868   399.711
-798.868   399.711
-798.868   399.711
-798.868   399.711
-798.869   399.712
-798.869   399.712
-798.869   399.712
-798.869   399.712
-798.869   399.712
-798.869   399.712
-798.869   399.712
-798.869   399.712
-798.869   399.712
-798.869   399.712
-798.869   399.712
-798.868   399.711
-798.868   399.711
-798.869   399.712
-798.868   399.711
-798.868   399.711
-798.868   399.711
-798.868   399.711
-798.868   399.711
-798.868   399.711
-798.868   399.711
-798.868   399.711
-798.868   399.711
-798.868   399.711
-798.868   399.711
-798.868   399.711
-798.868   399.711
-798.868   399.711
-798.868   399.711
-798.868   399.711
-798.868   399.711
-798.868   399.711
-798.868   399.712
-798.868   399.711
-798.869   399.712
-798.869   399.712
-798.869   399.712
-798.869   399.712
-798.869   399.712
-798.869   399.712
-798.869   399.712
-798.868   399.712
-798.868   399.712
-798.868   399.711
-798.868   399.712
-798.869   399.712
-798.868   399.712
-798.869   399.712
-798.868   399.712
-798.868   399.712
-798.869   399.712
-798.869   399.712
-798.869   399.712
-798.868   399.712
-798.868   399.712
-798.868   399.712
-798.868   399.712
-798.869   399.712
-798.868   399.712
-798.869   399.712
-798.869   399.712
-798.869   399.712
-798.868   399.712
-798.868   399.711
-798.868   399.712
-798.868   399.712
-798.869   399.712
-798.869   399.712
-798.869   399.712
-798.868   399.712
-798.869   399.712
-798.868   399.711
-798.868   399.711
-798.868   399.711
-798.868   399.711
-798.868   399.712
-798.868   399.712
-798.868   399.712
-798.868   399.712
-798.869   399.712
-798.868   399.712
-798.868   399.712
-798.868   399.712
-798.868   399.712
-798.868   399.712
-798.868   399.712
-798.868   399.712
-798.868   399.711
-798.868   399.712
-798.869   399.712
-798.869   399.712
-798.869   399.712
-798.869   399.712
-798.869   399.712
-798.869   399.712
-798.87   399.712
-798.869   399.712
-798.869   399.712
-798.869   399.712
