0.001 0 0 0 0 0 0 0 0 0 0.121 1 
0.101 0 0 0 0 0 0 0 0 0 0.121 1 
0.201 0 0 0 0 0 0 0 0 0 0.121 1 
0.301 0 0 0 0 0 0 0 0 0 0.121 1 
0.401 0 0 0 0 0 0 0 0 0 0.121 1 
0.501 0 0 0 0 0 0 0 0 0 0.121 1 
0.601 0 0 0 0 0 0 0 0 0 0.121 1 
0.701 0 0 0 0 0 0 0 0 0 0.121 1 
0.801 0 0 0 0 0 0 0 0 0 0.121 1 
0.901 0 0 0 0 0 0 0 0 0 0.121 1 
1.001 0 0 0 0 0 0 0 0 0 0.121 1 
1.101 0 0 0 0 0 0 0 0 0 0.121 1 
1.201 0 0 0 0 0 0 0 0 0 0.121 1 
1.301 0 0 0 0 0 0 0 0 0 0.121 1 
1.401 0 0 0 0 0 0 0 0 0 0.121 1 
1.501 0 0 0 0 0 0 0 0 0 0.121 1 
1.601 0 0 0 0 0 0 0 0 0 0.121 1 
1.701 0 0 0 0 0 0 0 0 0 0.121 1 
1.801 0 0 0 0 0 0 0 0 0 0.121 1 
1.901 0 0 0 0 0 0 0 0 0 0.121 1 
2.001 0 0 0 0 0 0 0 0 0 0.121 1 
2.101 0 0 0 0 0 0 0 0 0 0.121 1 
2.201 0 0 0 0 0 0 0 0 0 0.121 1 
2.301 0 0 0 0 0 0 0 0 0 0.121 1 
2.401 0 0 0 0 0 0 0 0 0 0.121 1 
2.501 0 0 0 0 0 0 0 0 0 0.121 1 
2.601 0 0 0 0 0 0 0 0 0 0.121 1 
2.701 0 0 0 0 0 0 0 0 0 0.121 1 
2.801 0 0 0 0 0 0 0 0 0 0.121 1 
2.901 0 0 0 0 0 0 0 0 0 0.121 1 
3.001 0 0 0 0 0 0 0 0 0 0.121 1 
3.101 0 0 0 0 0 0 0 0 0 0.121 1 
3.201 0 0 0 0 0 0 0 0 0 0.121 1 
3.301 0 0 0 0 0 0 0 0 0 0.121 1 
3.401 0 0 0 0 0 0 0 0 0 0.121 1 
3.501 0 0 0 0 0 0 0 0 0 0.121 1 
3.601 0 0 0 0 0 0 0 0 0 0.121 1 
3.701 0 0 0 0 0 0 0 0 0 0.121 1 
3.801 0 0 0 0 0 0 0 0 0 0.121 1 
3.901 0 0 0 0 0 0 0 0 0 0.121 1 
4.001 0 0 0 0 0 0 0 0 0 0.121 1 
4.101 0 0 0 0 0 0 0 0 0 0.121 1 
4.201 0 0 0 0 0 0 0 0 0 0.121 1 
4.301 0 0 0 0 0 0 0 0 0 0.121 1 
4.401 0 0 0 0 0 0 0 0 0 0.121 1 
4.501 0 0 0 0 0 0 0 0 0 0.121 1 
4.601 0 0 0 0 0 0 0 0 0 0.121 1 
4.701 0 0 0 0 0 0 0 0 0 0.121 1 
4.801 0 0 0 0 0 0 0 0 0 0.121 1 
4.901 0 0 0 0 0 0 0 0 0 0.121 1 
5.001 0 0 0 0 0 0 0 0 0 0.121 1 
5.101 0 0 0 0 0 0 0 0 0 0.121 1 
5.201 0 0 0 0 0 0 0 0 0 0.121 1 
5.301 0 0 0 0 0 0 0 0 0 0.121 1 
5.401 0 0 0 0 0 0 0 0 0 0.121 1 
5.501 0 0 0 0 0 0 0 0 0 0.121 1 
5.601 0 0 0 0 0 0 0 0 0 0.121 1 
5.701 0 0 0 0 0 0 0 0 0 0.121 1 
5.801 0 0 0 0 0 0 0 0 0 0.121 1 
5.901 0 0 0 0 0 0 0 0 0 0.121 1 
6.001 0 0 0 0 0 0 0 0 0 0.121 1 
6.101 0 0 0 0 0 0 0 0 0 0.121 1 
6.201 0 0 0 0 0 0 0 0 0 0.121 1 
6.301 0 0 0 0 0 0 0 0 0 0.121 1 
6.401 0 0 0 0 0 0 0 0 0 0.121 1 
6.501 0 0 0 0 0 0 0 0 0 0.121 1 
6.601 0 0 0 0 0 0 0 0 0 0.121 1 
6.701 0 0 0 0 0 0 0 0 0 0.121 1 
6.801 0 0 0 0 0 0 0 0 0 0.121 1 
6.901 0 0 0 0 0 0 0 0 0 0.121 1 
7.001 0 0 0 0 0 0 0 0 0 0.121 1 
7.101 0 0 0 0 0 0 0 0 0 0.121 1 
7.201 0 0 0 0 0 0 0 0 0 0.121 1 
7.301 0 0 0 0 0 0 0 0 0 0.121 1 
7.401 0 0 0 0 0 0 0 0 0 0.121 1 
7.501 0 0 0 0 0 0 0 0 0 0.121 1 
7.601 0 0 0 0 0 0 0 0 0 0.121 1 
7.701 0 0 0 0 0 0 0 0 0 0.121 1 
7.801 0 0 0 0 0 0 0 0 0 0.121 1 
7.901 0 0 0 0 0 0 0 0 0 0.121 1 
8.001 0 0 0 0 0 0 0 0 0 0.121 1 
8.101 0 0 0 0 0 0 0 0 0 0.121 1 
8.201 0 0 0 0 0 0 0 0 0 0.121 1 
8.301 0 0 0 0 0 0 0 0 0 0.121 1 
8.401 0 0 0 0 0 0 0 0 0 0.121 1 
8.501 0 0 0 0 0 0 0 0 0 0.121 1 
8.601 0 0 0 0 0 0 0 0 0 0.121 1 
8.701 0 0 0 0 0 0 0 0 0 0.121 1 
8.801 0 0 0 0 0 0 0 0 0 0.121 1 
8.901 0 0 0 0 0 0 0 0 0 0.121 1 
9.001 0 0 0 0 0 0 0 0 0 0.121 1 
9.101 0 0 0 0 0 0 0 0 0 0.121 1 
9.201 0 0 0 0 0 0 0 0 0 0.121 1 
9.301 0 0 0 0 0 0 0 0 0 0.121 1 
9.401 0 0 0 0 0 0 0 0 0 0.121 1 
9.501 0 0 0 0 0 0 0 0 0 0.121 1 
9.601 0 0 0 0 0 0 0 0 0 0.121 1 
9.701 0 0 0 0 0 0 0 0 0 0.121 1 
9.801 0 0 0 0 0 0 0 0 0 0.121 1 
9.901 0 0 0 0 0 0 0 0 0 0.121 1 
