0	0	5.84419e-05	-0.000117313
0	1	0	-0.000117313
0.05	0	5.27155e-05	-0.000111368
0.05	1	0	-0.000111368
0.1	0	4.79826e-05	-0.00010626
0.1	1	0	-0.00010626
0.15	0	4.43001e-05	-0.000102146
0.15	1	0	-0.000102146
0.2	0	4.16355e-05	-9.90398e-05
0.2	1	0	-9.90398e-05
0.25	0	3.99344e-05	-9.69015e-05
0.25	1	0	-9.69015e-05
0.3	0	3.91514e-05	-9.56841e-05
0.3	1	0	-9.56841e-05
0.35	0	3.92633e-05	-9.53552e-05
0.35	1	0	-9.53552e-05
0.4	0	4.02735e-05	-9.59052e-05
0.4	1	0	-9.59052e-05
0.45	0	4.22114e-05	-9.73498e-05
0.45	1	0	-9.73498e-05
0.5	0	4.51264e-05	-9.97262e-05
0.5	1	0	-9.97262e-05
0.55	0	4.90714e-05	-0.000103082
0.55	1	0	-0.000103082
0.6	0	5.40646e-05	-0.000107451
0.6	1	0	-0.000107451
0.65	0	6.001e-05	-0.000112793
0.65	1	0	-0.000112793
0.7	0	6.65557e-05	-0.000118891
0.7	1	0	-0.000118891
0.75	0	7.29085e-05	-0.000125195
0.75	1	0	-0.000125195
0.8	0	7.77641e-05	-0.000130687
0.8	1	0	-0.000130687
0.85	0	7.96865e-05	-0.000134019
0.85	1	0	-0.000134019
0.9	0	7.79868e-05	-0.000134129
0.9	1	0	-0.000134129
0.95	0	7.32777e-05	-0.000130978
0.95	1	0	-0.000130978
1	0	6.69766e-05	-0.000125582
1	1	0	-0.000125582
1.05	0	6.0414e-05	-0.000119294
1.05	1	0	-0.000119294
1.1	0	5.44163e-05	-0.000113162
1.1	1	0	-0.000113162
1.15	0	4.93579e-05	-0.000107763
1.15	1	0	-0.000107763
1.2	0	4.53461e-05	-0.00010333
1.2	1	0	-0.00010333
1.25	0	4.2367e-05	-9.99099e-05
1.25	1	0	-9.99099e-05
1.3	0	4.03686e-05	-9.74727e-05
1.3	1	0	-9.74727e-05
1.35	0	3.93006e-05	-9.59701e-05
1.35	1	0	-9.59701e-05
1.4	0	3.9132e-05	-9.53639e-05
1.4	1	0	-9.53639e-05
1.45	0	3.98577e-05	-9.5637e-05
1.45	1	0	-9.5637e-05
1.5	0	4.14992e-05	-9.67972e-05
1.5	1	0	-9.67972e-05
1.55	0	4.41009e-05	-9.88756e-05
1.55	1	0	-9.88756e-05
1.6	0	4.77173e-05	-0.000101919
1.6	1	0	-0.000101919
1.65	0	5.23837e-05	-0.000105968
1.65	1	0	-0.000105968
1.7	0	5.80519e-05	-0.000111016
1.7	1	0	-0.000111016
1.75	0	6.44699e-05	-0.000116917
1.75	1	0	-0.000116917
1.8	0	7.10017e-05	-0.000123243
1.8	1	0	-0.000123243
1.85	0	7.64911e-05	-0.000129127
1.85	1	0	-0.000129127
1.9	0	7.94647e-05	-0.000133283
1.9	1	0	-0.000133283
1.95	0	7.88993e-05	-0.000134469
1.95	1	0	-0.000134469
2	0	7.50026e-05	-0.000132274
2	1	0	-0.000132274
2.05	0	6.90404e-05	-0.000127437
2.05	1	0	-0.000127437
2.1	0	6.24454e-05	-0.000121295
2.1	1	0	-0.000121295
2.15	0	5.62119e-05	-0.00011503
2.15	1	0	-0.00011503
2.2	0	5.08374e-05	-0.000109362
2.2	1	0	-0.000109362
2.25	0	4.64944e-05	-0.000104615
2.25	1	0	-0.000104615
2.3	0	4.31955e-05	-0.000100877
2.3	1	0	-0.000100877
2.35	0	4.08947e-05	-9.81361e-05
2.35	1	0	-9.81361e-05
2.4	0	3.95386e-05	-9.63446e-05
2.4	1	0	-9.63446e-05
2.45	0	3.90889e-05	-9.54595e-05
2.45	1	0	-9.54595e-05
2.5	0	3.95323e-05	-9.54564e-05
2.5	1	0	-9.54564e-05
2.55	0	4.0882e-05	-9.63352e-05
2.55	1	0	-9.63352e-05
2.6	0	4.31759e-05	-9.81203e-05
2.6	1	0	-9.81203e-05
2.65	0	4.64676e-05	-0.000100855
2.65	1	0	-0.000100855
2.7	0	5.08032e-05	-0.000104585
2.7	1	0	-0.000104585
2.75	0	5.61708e-05	-0.000109326
2.75	1	0	-0.000109326
2.8	0	6.23995e-05	-0.000114987
2.8	1	0	-0.000114987
2.85	0	6.89948e-05	-0.00012125
2.85	1	0	-0.00012125
2.9	0	7.49661e-05	-0.000127396
2.9	1	0	-0.000127396
2.95	0	7.88825e-05	-0.000132247
2.95	1	0	-0.000132247
3	0	7.94737e-05	-0.000134465
3	1	0	-0.000134465
3.05	0	7.65225e-05	-0.000133303
3.05	1	0	-0.000133303
3.1	0	7.10455e-05	-0.000129164
3.1	1	0	-0.000129164
3.15	0	6.45164e-05	-0.000123287
3.15	1	0	-0.000123287
3.2	0	5.80949e-05	-0.00011696
3.2	1	0	-0.00011696
3.25	0	5.24202e-05	-0.000111055
3.25	1	0	-0.000111055
3.3	0	4.77465e-05	-0.000106
3.3	1	0	-0.000106
3.35	0	4.41227e-05	-0.000101944
3.35	1	0	-0.000101944
3.4	0	4.15141e-05	-9.88935e-05
3.4	1	0	-9.88935e-05
3.45	0	3.9866e-05	-9.68085e-05
3.45	1	0	-9.68085e-05
3.5	0	3.9134e-05	-9.5642e-05
3.5	1	0	-9.5642e-05
3.55	0	3.92963e-05	-9.53628e-05
3.55	1	0	-9.53628e-05
3.6	0	4.03579e-05	-9.59628e-05
3.6	1	0	-9.59628e-05
3.65	0	4.23496e-05	-9.74589e-05
3.65	1	0	-9.74589e-05
3.7	0	4.53216e-05	-9.98894e-05
3.7	1	0	-9.98894e-05
3.75	0	4.9326e-05	-0.000103302
3.75	1	0	-0.000103302
3.8	0	5.43772e-05	-0.000107728
3.8	1	0	-0.000107728
3.85	0	6.03692e-05	-0.000113121
3.85	1	0	-0.000113121
3.9	0	6.69301e-05	-0.00011925
3.9	1	0	-0.00011925
3.95	0	7.32372e-05	-0.000125539
3.95	1	0	-0.000125539
4	0	7.79628e-05	-0.000130946
4	1	0	-0.000130946
4.05	0	7.96873e-05	-0.000134117
4.05	1	0	-0.000134117
4.1	0	7.77894e-05	-0.000134032
4.1	1	0	-0.000134032
4.15	0	7.29496e-05	-0.00013072
4.15	1	0	-0.00013072
4.2	0	6.66023e-05	-0.000125238
4.2	1	0	-0.000125238
4.25	0	6.00546e-05	-0.000118936
4.25	1	0	-0.000118936
4.3	0	5.41033e-05	-0.000112833
4.3	1	0	-0.000112833
4.35	0	4.91029e-05	-0.000107485
4.35	1	0	-0.000107485
4.4	0	4.51505e-05	-0.00010311
4.4	1	0	-0.00010311
4.45	0	4.22284e-05	-9.97463e-05
4.45	1	0	-9.97463e-05
4.5	0	4.02838e-05	-9.73632e-05
4.5	1	0	-9.73632e-05
4.55	0	3.92673e-05	-9.59122e-05
4.55	1	0	-9.59122e-05
4.6	0	3.91491e-05	-9.5356e-05
4.6	1	0	-9.5356e-05
4.65	0	3.99257e-05	-9.56788e-05
4.65	1	0	-9.56788e-05
4.7	0	4.16202e-05	-9.68898e-05
4.7	1	0	-9.68898e-05
4.75	0	4.42778e-05	-9.90214e-05
4.75	1	0	-9.90214e-05
4.8	0	4.79531e-05	-0.000102121
4.8	1	0	-0.000102121
4.85	0	5.26786e-05	-0.000106227
4.85	1	0	-0.000106227
4.9	0	5.83986e-05	-0.000111329
4.9	1	0	-0.000111329
4.95	0	6.48446e-05	-0.000117269
4.95	1	0	-0.000117269
5	0	7.13532e-05	-0.000123598
5	1	0	-0.000123598
5.05	0	7.674e-05	-0.000129422
5.05	1	0	-0.000129422
5.1	0	7.95316e-05	-0.000133439
5.1	1	0	-0.000133439
5.15	0	7.87593e-05	-0.000134433
5.15	1	0	-0.000134433
5.2	0	7.47062e-05	-0.000132059
5.2	1	0	-0.000132059
5.25	0	6.86726e-05	-0.000127111
5.25	1	0	-0.000127111
5.3	0	6.20766e-05	-0.000120935
5.3	1	0	-0.000120935
5.35	0	5.58824e-05	-0.000114689
5.35	1	0	-0.000114689
5.4	0	5.05638e-05	-0.000109068
5.4	1	0	-0.000109068
5.45	0	4.62804e-05	-0.000104376
5.45	1	0	-0.000104376
5.5	0	4.30393e-05	-0.000100696
5.5	1	0	-0.000100696
5.55	0	4.07933e-05	-9.801e-05
5.55	1	0	-9.801e-05
5.6	0	3.94892e-05	-9.62707e-05
5.6	1	0	-9.62707e-05
5.65	0	3.90902e-05	-9.54359e-05
5.65	1	0	-9.54359e-05
5.7	0	3.95842e-05	-9.54824e-05
5.7	1	0	-9.54824e-05
5.75	0	4.0986e-05	-9.64116e-05
5.75	1	0	-9.64116e-05
5.8	0	4.33349e-05	-9.82491e-05
5.8	1	0	-9.82491e-05
5.85	0	4.66846e-05	-0.000101039
5.85	1	0	-0.000101039
5.9	0	5.10798e-05	-0.000104826
5.9	1	0	-0.000104826
5.95	0	5.65028e-05	-0.000109623
5.95	1	0	-0.000109623
6	0	6.27694e-05	-0.00011533
6	1	0	-0.00011533
6.05	0	6.9361e-05	-0.00012161
6.05	1	0	-0.00012161
6.1	0	7.52568e-05	-0.000127718
6.1	1	0	-0.000127718
6.15	0	7.90129e-05	-0.000132454
6.15	1	0	-0.000132454
6.2	0	7.93965e-05	-0.000134491
6.2	1	0	-0.000134491
6.25	0	7.62666e-05	-0.000133139
6.25	1	0	-0.000133139
6.3	0	7.06912e-05	-0.000128865
6.3	1	0	-0.000128865
6.35	0	6.41422e-05	-0.000122931
6.35	1	0	-0.000122931
6.4	0	5.77503e-05	-0.000116609
6.4	1	0	-0.000116609
6.45	0	5.21281e-05	-0.000110744
6.45	1	0	-0.000110744
6.5	0	4.75137e-05	-0.000105744
6.5	1	0	-0.000105744
6.55	0	4.39487e-05	-0.000101745
6.55	1	0	-0.000101745
6.6	0	4.13958e-05	-9.87504e-05
6.6	1	0	-9.87504e-05
6.65	0	3.98005e-05	-9.67185e-05
6.65	1	0	-9.67185e-05
6.7	0	3.91194e-05	-9.56028e-05
6.7	1	0	-9.56028e-05
6.75	0	3.93322e-05	-9.53732e-05
6.75	1	0	-9.53732e-05
6.8	0	4.04453e-05	-9.60232e-05
6.8	1	0	-9.60232e-05
6.85	0	4.2491e-05	-9.7571e-05
6.85	1	0	-9.7571e-05
6.9	0	4.552e-05	-0.000100056
6.9	1	0	-0.000100056
6.95	0	4.95839e-05	-0.000103526
6.95	1	0	-0.000103526
7	0	5.46929e-05	-0.000108008
7	1	0	-0.000108008
7.05	0	6.07303e-05	-0.000113451
7.05	1	0	-0.000113451
7.1	0	6.73039e-05	-0.000119608
7.1	1	0	-0.000119608
7.15	0	7.35609e-05	-0.000125881
7.15	1	0	-0.000125881
7.2	0	7.81516e-05	-0.000131198
7.2	1	0	-0.000131198
7.25	0	7.9676e-05	-0.000134205
7.25	1	0	-0.000134205
7.3	0	7.75823e-05	-0.000133924
7.3	1	0	-0.000133924
7.35	0	7.26168e-05	-0.000130455
7.35	1	0	-0.000130455
7.4	0	6.62275e-05	-0.000124892
7.4	1	0	-0.000124892
7.45	0	5.96972e-05	-0.000118578
7.45	1	0	-0.000118578
7.5	0	5.37935e-05	-0.000112508
7.5	1	0	-0.000112508
7.55	0	4.88513e-05	-0.000107211
7.55	1	0	-0.000107211
7.6	0	4.49582e-05	-0.000102893
7.6	1	0	-0.000102893
7.65	0	4.20929e-05	-9.95859e-05
7.65	1	0	-9.95859e-05
7.7	0	4.0202e-05	-9.72567e-05
7.7	1	0	-9.72567e-05
7.75	0	3.92368e-05	-9.58571e-05
7.75	1	0	-9.58571e-05
7.8	0	3.91691e-05	-9.53508e-05
7.8	1	0	-9.53508e-05
7.85	0	3.99967e-05	-9.57233e-05
7.85	1	0	-9.57233e-05
7.9	0	4.17443e-05	-9.69854e-05
7.9	1	0	-9.69854e-05
7.95	0	4.4458e-05	-9.91704e-05
7.95	1	0	-9.91704e-05
8	0	4.81922e-05	-0.000102326
8	1	0	-0.000102326
8.05	0	5.29767e-05	-0.00010649
8.05	1	0	-0.00010649
8.1	0	5.87478e-05	-0.000111645
8.1	1	0	-0.000111645
8.15	0	6.52196e-05	-0.000117622
8.15	1	0	-0.000117622
8.2	0	7.17012e-05	-0.000123951
8.2	1	0	-0.000123951
8.25	0	7.69803e-05	-0.00012971
8.25	1	0	-0.00012971
8.3	0	7.95867e-05	-0.000133584
8.3	1	0	-0.000133584
8.35	0	7.86086e-05	-0.000134386
8.35	1	0	-0.000134386
8.4	0	7.44034e-05	-0.000131836
8.4	1	0	-0.000131836
8.45	0	6.8303e-05	-0.000126782
8.45	1	0	-0.000126782
8.5	0	6.17092e-05	-0.000120575
8.5	1	0	-0.000120575
8.55	0	5.55557e-05	-0.00011435
8.55	1	0	-0.00011435
8.6	0	5.02934e-05	-0.000108776
8.6	1	0	-0.000108776
8.65	0	4.60696e-05	-0.000104141
8.65	1	0	-0.000104141
8.7	0	4.28863e-05	-0.000100518
8.7	1	0	-0.000100518
8.75	0	4.06949e-05	-9.78868e-05
8.75	1	0	-9.78868e-05
8.8	0	3.94427e-05	-9.61997e-05
8.8	1	0	-9.61997e-05
8.85	0	3.90943e-05	-9.54151e-05
8.85	1	0	-9.54151e-05
8.9	0	3.96389e-05	-9.55113e-05
8.9	1	0	-9.55113e-05
8.95	0	4.10931e-05	-9.6491e-05
8.95	1	0	-9.6491e-05
9	0	4.34971e-05	-9.8381e-05
9	1	0	-9.8381e-05
9.05	0	4.6905e-05	-0.000101226
9.05	1	0	-0.000101226
9.1	0	5.13598e-05	-0.000105071
9.1	1	0	-0.000105071
9.15	0	5.68376e-05	-0.000109923
9.15	1	0	-0.000109923
9.2	0	6.31405e-05	-0.000115675
9.2	1	0	-0.000115675
9.25	0	6.97252e-05	-0.000121969
9.25	1	0	-0.000121969
9.3	0	7.55405e-05	-0.000128036
9.3	1	0	-0.000128036
9.35	0	7.91322e-05	-0.000132652
9.35	1	0	-0.000132652
9.4	0	7.93078e-05	-0.000134506
9.4	1	0	-0.000134506
9.45	0	7.60027e-05	-0.000132966
9.45	1	0	-0.000132966
9.5	0	7.03339e-05	-0.00012856
9.5	1	0	-0.00012856
9.55	0	6.37686e-05	-0.000122573
9.55	1	0	-0.000122573
9.6	0	5.74083e-05	-0.00011626
9.6	1	0	-0.00011626
9.65	0	5.18393e-05	-0.000110436
9.65	1	0	-0.000110436
9.7	0	4.72843e-05	-0.00010549
9.7	1	0	-0.00010549
9.75	0	4.37778e-05	-0.000101549
9.75	1	0	-0.000101549
9.8	0	4.12806e-05	-9.86103e-05
9.8	1	0	-9.86103e-05
9.85	0	3.97379e-05	-9.66313e-05
9.85	1	0	-9.66313e-05
9.9	0	3.91076e-05	-9.55663e-05
9.9	1	0	-9.55663e-05
9.95	0	3.93709e-05	-9.53864e-05
9.95	1	0	-9.53864e-05
10	0	4.05357e-05	-9.60865e-05
10	1	0	-9.60865e-05
10.05	0	4.26355e-05	-9.7686e-05
10.05	1	0	-9.7686e-05
10.1	0	4.57218e-05	-0.000100225
10.1	1	0	-0.000100225
10.15	0	4.98452e-05	-0.000103752
10.15	1	0	-0.000103752
10.2	0	5.50115e-05	-0.000108292
10.2	1	0	-0.000108292
10.25	0	6.10933e-05	-0.000113784
10.25	1	0	-0.000113784
10.3	0	6.76768e-05	-0.000119968
10.3	1	0	-0.000119968
10.35	0	7.38793e-05	-0.000126219
10.35	1	0	-0.000126219
10.4	0	7.83304e-05	-0.000131442
10.4	1	0	-0.000131442
10.45	0	7.96528e-05	-0.000134281
10.45	1	0	-0.000134281
10.5	0	7.73659e-05	-0.000133807
10.5	1	0	-0.000133807
10.55	0	7.22794e-05	-0.000130183
10.55	1	0	-0.000130183
10.6	0	6.58523e-05	-0.000124543
10.6	1	0	-0.000124543
10.65	0	5.93419e-05	-0.000118221
10.65	1	0	-0.000118221
10.7	0	5.34868e-05	-0.000112184
10.7	1	0	-0.000112184
10.75	0	4.86031e-05	-0.00010694
10.75	1	0	-0.00010694
10.8	0	4.47693e-05	-0.000102679
10.8	1	0	-0.000102679
10.85	0	4.19605e-05	-9.94286e-05
10.85	1	0	-9.94286e-05
10.9	0	4.01231e-05	-9.71532e-05
10.9	1	0	-9.71532e-05
10.95	0	3.92092e-05	-9.58049e-05
10.95	1	0	-9.58049e-05
11	0	3.91919e-05	-9.53484e-05
11	1	0	-9.53484e-05
11.05	0	4.00707e-05	-9.57707e-05
11.05	1	0	-9.57707e-05
11.1	0	4.18715e-05	-9.70839e-05
11.1	1	0	-9.70839e-05
11.15	0	4.46415e-05	-9.93224e-05
11.15	1	0	-9.93224e-05
11.2	0	4.84347e-05	-0.000102534
11.2	1	0	-0.000102534
11.25	0	5.32781e-05	-0.000106756
11.25	1	0	-0.000106756
11.3	0	5.90993e-05	-0.000111964
11.3	1	0	-0.000111964
11.35	0	6.55948e-05	-0.000117977
11.35	1	0	-0.000117977
11.4	0	7.20455e-05	-0.000124303
11.4	1	0	-0.000124303
11.45	0	7.7212e-05	-0.000129993
11.45	1	0	-0.000129993
11.5	0	7.963e-05	-0.00013372
11.5	1	0	-0.00013372
11.55	0	7.84472e-05	-0.000134328
11.55	1	0	-0.000134328
11.6	0	7.40946e-05	-0.000131605
11.6	1	0	-0.000131605
11.65	0	6.79321e-05	-0.000126449
11.65	1	0	-0.000126449
11.7	0	6.13434e-05	-0.000120215
11.7	1	0	-0.000120215
11.75	0	5.5232e-05	-0.000114014
11.75	1	0	-0.000114014
11.8	0	5.00265e-05	-0.000108488
11.8	1	0	-0.000108488
11.85	0	4.58622e-05	-0.000103909
11.85	1	0	-0.000103909
11.9	0	4.27365e-05	-0.000100343
11.9	1	0	-0.000100343
11.95	0	4.05995e-05	-9.77667e-05
11.95	1	0	-9.77667e-05
12	0	3.93992e-05	-9.61315e-05
12	1	0	-9.61315e-05
12.05	0	3.91012e-05	-9.53971e-05
12.05	1	0	-9.53971e-05
12.1	0	3.96966e-05	-9.5543e-05
12.1	1	0	-9.5543e-05
12.15	0	4.12032e-05	-9.65732e-05
12.15	1	0	-9.65732e-05
12.2	0	4.36625e-05	-9.85159e-05
12.2	1	0	-9.85159e-05
12.25	0	4.71288e-05	-0.000101416
12.25	1	0	-0.000101416
12.3	0	5.1643e-05	-0.000105319
12.3	1	0	-0.000105319
12.35	0	5.71751e-05	-0.000110226
12.35	1	0	-0.000110226
12.4	0	6.35127e-05	-0.000116021
12.4	1	0	-0.000116021
12.45	0	7.0087e-05	-0.000122328
12.45	1	0	-0.000122328
12.5	0	7.58171e-05	-0.000128349
12.5	1	0	-0.000128349
12.55	0	7.92402e-05	-0.000132842
12.55	1	0	-0.000132842
12.6	0	7.92076e-05	-0.00013451
12.6	1	0	-0.00013451
12.65	0	7.57312e-05	-0.000132783
12.65	1	0	-0.000132783
12.7	0	6.99738e-05	-0.000128251
12.7	1	0	-0.000128251
12.75	0	6.33958e-05	-0.000122215
12.75	1	0	-0.000122215
12.8	0	5.7069e-05	-0.000115912
12.8	1	0	-0.000115912
12.85	0	5.15538e-05	-0.000110131
12.85	1	0	-0.000110131
12.9	0	4.70582e-05	-0.00010524
12.9	1	0	-0.00010524
12.95	0	4.36102e-05	-0.000101356
12.95	1	0	-0.000101356
13	0	4.11684e-05	-9.84733e-05
13	1	0	-9.84733e-05
13.05	0	3.96782e-05	-9.65471e-05
13.05	1	0	-9.65471e-05
13.1	0	3.90987e-05	-9.55327e-05
13.1	1	0	-9.55327e-05
13.15	0	3.94125e-05	-9.54025e-05
13.15	1	0	-9.54025e-05
13.2	0	4.06291e-05	-9.61526e-05
13.2	1	0	-9.61526e-05
13.25	0	4.27832e-05	-9.78041e-05
13.25	1	0	-9.78041e-05
13.3	0	4.59269e-05	-0.000100398
13.3	1	0	-0.000100398
13.35	0	5.01099e-05	-0.000103982
13.35	1	0	-0.000103982
13.4	0	5.53332e-05	-0.000108578
13.4	1	0	-0.000108578
13.45	0	6.1458e-05	-0.000114119
13.45	1	0	-0.000114119
13.5	0	6.80486e-05	-0.000120328
13.5	1	0	-0.000120328
13.55	0	7.41921e-05	-0.000126554
13.55	1	0	-0.000126554
13.6	0	7.8499e-05	-0.000131678
13.6	1	0	-0.000131678
13.65	0	7.96177e-05	-0.000134347
13.65	1	0	-0.000134347
13.7	0	7.71403e-05	-0.000133678
13.7	1	0	-0.000133678
13.75	0	7.19379e-05	-0.000129905
13.75	1	0	-0.000129905
13.8	0	6.54771e-05	-0.000124193
13.8	1	0	-0.000124193
13.85	0	5.89888e-05	-0.000117866
13.85	1	0	-0.000117866
13.9	0	5.31832e-05	-0.000111864
13.9	1	0	-0.000111864
13.95	0	4.83583e-05	-0.000106672
13.95	1	0	-0.000106672
14	0	4.45836e-05	-0.000102468
14	1	0	-0.000102468
14.05	0	4.18312e-05	-9.92744e-05
14.05	1	0	-9.92744e-05
14.1	0	4.00472e-05	-9.70527e-05
14.1	1	0	-9.70527e-05
14.15	0	3.91844e-05	-9.57556e-05
14.15	1	0	-9.57556e-05
14.2	0	3.92175e-05	-9.53489e-05
14.2	1	0	-9.53489e-05
14.25	0	4.01475e-05	-9.5821e-05
14.25	1	0	-9.5821e-05
14.3	0	4.20017e-05	-9.71854e-05
14.3	1	0	-9.71854e-05
14.35	0	4.48282e-05	-9.94776e-05
14.35	1	0	-9.94776e-05
14.4	0	4.86806e-05	-0.000102746
14.4	1	0	-0.000102746
14.45	0	5.35826e-05	-0.000107025
14.45	1	0	-0.000107025
14.5	0	5.94531e-05	-0.000112285
14.5	1	0	-0.000112285
14.55	0	6.597e-05	-0.000118333
14.55	1	0	-0.000118333
14.6	0	7.23857e-05	-0.000124653
14.6	1	0	-0.000124653
14.65	0	7.74347e-05	-0.000130269
14.65	1	0	-0.000130269
14.7	0	7.96614e-05	-0.000133845
14.7	1	0	-0.000133845
14.75	0	7.82754e-05	-0.000134259
14.75	1	0	-0.000134259
14.8	0	7.378e-05	-0.000131366
14.8	1	0	-0.000131366
14.85	0	6.75599e-05	-0.000126113
14.85	1	0	-0.000126113
14.9	0	6.09792e-05	-0.000119855
14.9	1	0	-0.000119855
14.95	0	5.49113e-05	-0.000113679
14.95	1	0	-0.000113679
15	0	4.97629e-05	-0.000108202
15	1	0	-0.000108202
15.05	0	4.56582e-05	-0.000103681
15.05	1	0	-0.000103681
15.1	0	4.25898e-05	-0.000100172
15.1	1	0	-0.000100172
15.15	0	4.0507e-05	-9.76496e-05
15.15	1	0	-9.76496e-05
15.2	0	3.93585e-05	-9.60663e-05
15.2	1	0	-9.60663e-05
15.25	0	3.9111e-05	-9.5382e-05
15.25	1	0	-9.5382e-05
15.3	0	3.97572e-05	-9.55775e-05
15.3	1	0	-9.55775e-05
15.35	0	4.13164e-05	-9.66583e-05
15.35	1	0	-9.66583e-05
15.4	0	4.38311e-05	-9.86539e-05
15.4	1	0	-9.86539e-05
15.45	0	4.73559e-05	-0.00010161
15.45	1	0	-0.00010161
15.5	0	5.19295e-05	-0.00010557
15.5	1	0	-0.00010557
15.55	0	5.75153e-05	-0.000110532
15.55	1	0	-0.000110532
15.6	0	6.38857e-05	-0.000116369
15.6	1	0	-0.000116369
15.65	0	7.04463e-05	-0.000122685
15.65	1	0	-0.000122685
15.7	0	7.60863e-05	-0.000128657
15.7	1	0	-0.000128657
15.75	0	7.93368e-05	-0.000133021
15.75	1	0	-0.000133021
15.8	0	7.9096e-05	-0.000134503
15.8	1	0	-0.000134503
15.85	0	7.54523e-05	-0.000132591
15.85	1	0	-0.000132591
15.9	0	6.96112e-05	-0.000127937
15.9	1	0	-0.000127937
15.95	0	6.3024e-05	-0.000121856
15.95	1	0	-0.000121856
16	0	5.67323e-05	-0.000115566
16	1	0	-0.000115566
16.05	0	5.12716e-05	-0.000109829
16.05	1	0	-0.000109829
16.1	0	4.68355e-05	-0.000104994
16.1	1	0	-0.000104994
16.15	0	4.34459e-05	-0.000101167
16.15	1	0	-0.000101167
16.2	0	4.10592e-05	-9.83393e-05
16.2	1	0	-9.83393e-05
16.25	0	3.96214e-05	-9.64658e-05
16.25	1	0	-9.64658e-05
16.3	0	3.90927e-05	-9.55019e-05
16.3	1	0	-9.55019e-05
16.35	0	3.9457e-05	-9.54213e-05
16.35	1	0	-9.54213e-05
16.4	0	4.07254e-05	-9.62216e-05
16.4	1	0	-9.62216e-05
16.45	0	4.2934e-05	-9.79251e-05
16.45	1	0	-9.79251e-05
16.5	0	4.61354e-05	-0.000100574
16.5	1	0	-0.000100574
16.55	0	5.03779e-05	-0.000104215
16.55	1	0	-0.000104215
16.6	0	5.56579e-05	-0.000108867
16.6	1	0	-0.000108867
16.65	0	6.18243e-05	-0.000114456
16.65	1	0	-0.000114456
16.7	0	6.84191e-05	-0.000120688
16.7	1	0	-0.000120688
16.75	0	7.44991e-05	-0.000126886
16.75	1	0	-0.000126886
16.8	0	7.8657e-05	-0.000131907
16.8	1	0	-0.000131907
16.85	0	7.95707e-05	-0.000134402
16.85	1	0	-0.000134402
16.9	0	7.69059e-05	-0.00013354
16.9	1	0	-0.00013354
16.95	0	7.15924e-05	-0.00012962
16.95	1	0	-0.00012962
17	0	6.51019e-05	-0.00012384
17	1	0	-0.00012384
17.05	0	5.8638e-05	-0.000117511
17.05	1	0	-0.000117511
17.1	0	5.28829e-05	-0.000111546
17.1	1	0	-0.000111546
17.15	0	4.81168e-05	-0.000106407
17.15	1	0	-0.000106407
17.2	0	4.44012e-05	-0.000102261
17.2	1	0	-0.000102261
17.25	0	4.17051e-05	-9.91233e-05
17.25	1	0	-9.91233e-05
17.3	0	3.99742e-05	-9.69551e-05
17.3	1	0	-9.69551e-05
17.35	0	3.91625e-05	-9.5709e-05
17.35	1	0	-9.5709e-05
17.4	0	3.9246e-05	-9.53521e-05
17.4	1	0	-9.53521e-05
17.45	0	4.02273e-05	-9.58741e-05
17.45	1	0	-9.58741e-05
17.5	0	4.21351e-05	-9.72898e-05
17.5	1	0	-9.72898e-05
17.55	0	4.50182e-05	-9.96359e-05
17.55	1	0	-9.96359e-05
17.6	0	4.89299e-05	-0.00010296
17.6	1	0	-0.00010296
17.65	0	5.38903e-05	-0.000107297
17.65	1	0	-0.000107297
17.7	0	5.9809e-05	-0.000112609
17.7	1	0	-0.000112609
17.75	0	6.63451e-05	-0.00011869
17.75	1	0	-0.00011869
17.8	0	7.27217e-05	-0.000125001
17.8	1	0	-0.000125001
17.85	0	7.76483e-05	-0.000130539
17.85	1	0	-0.000130539
17.9	0	7.96809e-05	-0.000133959
17.9	1	0	-0.000133959
17.95	0	7.80935e-05	-0.000134179
17.95	1	0	-0.000134179
18	0	7.34599e-05	-0.00013112
18	1	0	-0.00013112
18.05	0	6.71867e-05	-0.000125774
18.05	1	0	-0.000125774
18.1	0	6.06168e-05	-0.000119496
18.1	1	0	-0.000119496
18.15	0	5.45935e-05	-0.000113347
18.15	1	0	-0.000113347
18.2	0	4.95026e-05	-0.00010792
18.2	1	0	-0.00010792
18.25	0	4.54574e-05	-0.000103455
18.25	1	0	-0.000103455
18.3	0	4.24463e-05	-0.000100003
18.3	1	0	-0.000100003
18.35	0	4.04176e-05	-9.75355e-05
18.35	1	0	-9.75355e-05
18.4	0	3.93206e-05	-9.60039e-05
18.4	1	0	-9.60039e-05
18.45	0	3.91237e-05	-9.53696e-05
18.45	1	0	-9.53696e-05
18.5	0	3.98207e-05	-9.56148e-05
18.5	1	0	-9.56148e-05
18.55	0	4.14326e-05	-9.67464e-05
18.55	1	0	-9.67464e-05
18.6	0	4.40029e-05	-9.87949e-05
18.6	1	0	-9.87949e-05
18.65	0	4.75863e-05	-0.000101807
18.65	1	0	-0.000101807
18.7	0	5.22193e-05	-0.000105824
18.7	1	0	-0.000105824
18.75	0	5.78581e-05	-0.000110841
18.75	1	0	-0.000110841
18.8	0	6.42595e-05	-0.000116719
18.8	1	0	-0.000116719
18.85	0	7.08027e-05	-0.000123042
18.85	1	0	-0.000123042
18.9	0	7.63477e-05	-0.000128959
18.9	1	0	-0.000128959
18.95	0	7.9422e-05	-0.000133192
18.95	1	0	-0.000133192
19	0	7.89732e-05	-0.000134484
19	1	0	-0.000134484
19.05	0	7.51663e-05	-0.00013239
19.05	1	0	-0.00013239
19.1	0	6.92464e-05	-0.000127618
19.1	1	0	-0.000127618
19.15	0	6.26532e-05	-0.000121497
19.15	1	0	-0.000121497
19.2	0	5.63984e-05	-0.000115222
19.2	1	0	-0.000115222
19.25	0	5.09927e-05	-0.000109529
19.25	1	0	-0.000109529
19.3	0	4.66162e-05	-0.00010475
19.3	1	0	-0.00010475
19.35	0	4.32847e-05	-0.000100981
19.35	1	0	-0.000100981
19.4	0	4.09531e-05	-9.82084e-05
19.4	1	0	-9.82084e-05
19.45	0	3.95676e-05	-9.63874e-05
19.45	1	0	-9.63874e-05
19.5	0	3.90895e-05	-9.5474e-05
19.5	1	0	-9.5474e-05
19.55	0	3.95044e-05	-9.5443e-05
19.55	1	0	-9.5443e-05
19.6	0	4.08248e-05	-9.62935e-05
19.6	1	0	-9.62935e-05
19.65	0	4.3088e-05	-9.80492e-05
19.65	1	0	-9.80492e-05
19.7	0	4.63471e-05	-0.000100753
19.7	1	0	-0.000100753
19.75	0	5.06493e-05	-0.000104451
19.75	1	0	-0.000104451
19.8	0	5.59854e-05	-0.00010916
19.8	1	0	-0.00010916
19.85	0	6.21921e-05	-0.000114796
19.85	1	0	-0.000114796
19.9	0	6.87881e-05	-0.000121048
19.9	1	0	-0.000121048
19.95	0	7.47999e-05	-0.000127214
19.95	1	0	-0.000127214
20	0	7.88044e-05	-0.000132127
20	1	0	-0.000132127
20.05	0	7.95119e-05	-0.000134445
20.05	1	0	-0.000134445
20.1	0	7.66628e-05	-0.000133391
20.1	1	0	-0.000133391
20.15	0	7.12433e-05	-0.00012933
20.15	1	0	-0.00012933
20.2	0	6.4727e-05	-0.000123486
20.2	1	0	-0.000123486
20.25	0	5.82896e-05	-0.000117158
20.25	1	0	-0.000117158
20.3	0	5.25857e-05	-0.000111231
20.3	1	0	-0.000111231
20.35	0	4.78788e-05	-0.000106146
20.35	1	0	-0.000106146
20.4	0	4.4222e-05	-0.000102057
20.4	1	0	-0.000102057
20.45	0	4.1582e-05	-9.89753e-05
20.45	1	0	-9.89753e-05
20.5	0	3.99041e-05	-9.68604e-05
20.5	1	0	-9.68604e-05
20.55	0	3.91434e-05	-9.56654e-05
20.55	1	0	-9.56654e-05
20.6	0	3.92774e-05	-9.53582e-05
20.6	1	0	-9.53582e-05
20.65	0	4.03101e-05	-9.59301e-05
20.65	1	0	-9.59301e-05
20.7	0	4.22715e-05	-9.73972e-05
20.7	1	0	-9.73972e-05
20.75	0	4.52115e-05	-9.97973e-05
20.75	1	0	-9.97973e-05
20.8	0	4.91825e-05	-0.000103178
20.8	1	0	-0.000103178
20.85	0	5.42012e-05	-0.000107572
20.85	1	0	-0.000107572
20.9	0	6.01671e-05	-0.000112936
20.9	1	0	-0.000112936
20.95	0	6.67198e-05	-0.000119048
20.95	1	0	-0.000119048
21	0	7.3053e-05	-0.000125346
21	1	0	-0.000125346
21.05	0	7.78523e-05	-0.000130802
21.05	1	0	-0.000130802
21.1	0	7.96883e-05	-0.000134063
21.1	1	0	-0.000134063
21.15	0	7.79015e-05	-0.000134088
21.15	1	0	-0.000134088
21.2	0	7.31346e-05	-0.000130866
21.2	1	0	-0.000130866
21.25	0	6.68127e-05	-0.000125432
21.25	1	0	-0.000125432
21.3	0	6.02563e-05	-0.000119137
21.3	1	0	-0.000119137
21.35	0	5.42788e-05	-0.000113018
21.35	1	0	-0.000113018
21.4	0	4.92458e-05	-0.000107641
21.4	1	0	-0.000107641
21.45	0	4.526e-05	-0.000103233
21.45	1	0	-0.000103233
21.5	0	4.23059e-05	-9.98379e-05
21.5	1	0	-9.98379e-05
21.55	0	4.03311e-05	-9.74244e-05
21.55	1	0	-9.74244e-05
21.6	0	3.92857e-05	-9.59444e-05
21.6	1	0	-9.59444e-05
21.65	0	3.91391e-05	-9.53601e-05
21.65	1	0	-9.53601e-05
21.7	0	3.98871e-05	-9.56549e-05
21.7	1	0	-9.56549e-05
21.75	0	4.15519e-05	-9.68374e-05
21.75	1	0	-9.68374e-05
21.8	0	4.4178e-05	-9.89391e-05
21.8	1	0	-9.89391e-05
21.85	0	4.78202e-05	-0.000102007
21.85	1	0	-0.000102007
21.9	0	5.25124e-05	-0.000106081
21.9	1	0	-0.000106081
21.95	0	5.82035e-05	-0.000111153
21.95	1	0	-0.000111153
22	0	6.46339e-05	-0.000117071
22	1	0	-0.000117071
22.05	0	7.1156e-05	-0.000123398
22.05	1	0	-0.000123398
22.1	0	7.66011e-05	-0.000129257
22.1	1	0	-0.000129257
22.15	0	7.94954e-05	-0.000133353
22.15	1	0	-0.000133353
22.2	0	7.88394e-05	-0.000134455
22.2	1	0	-0.000134455
22.25	0	7.48736e-05	-0.000132181
22.25	1	0	-0.000132181
22.3	0	6.88795e-05	-0.000127295
22.3	1	0	-0.000127295
22.35	0	6.22837e-05	-0.000121137
22.35	1	0	-0.000121137
22.4	0	5.60672e-05	-0.00011488
22.4	1	0	-0.00011488
22.45	0	5.07172e-05	-0.000109233
22.45	1	0	-0.000109233
22.5	0	4.64003e-05	-0.00010451
22.5	1	0	-0.00010451
22.55	0	4.31267e-05	-0.000100798
22.55	1	0	-0.000100798
22.6	0	4.08499e-05	-9.80805e-05
22.6	1	0	-9.80805e-05
22.65	0	3.95166e-05	-9.63118e-05
22.65	1	0	-9.63118e-05
22.7	0	3.90891e-05	-9.54488e-05
22.7	1	0	-9.54488e-05
22.75	0	3.95546e-05	-9.54674e-05
22.75	1	0	-9.54674e-05
22.8	0	4.09272e-05	-9.63683e-05
22.8	1	0	-9.63683e-05
22.85	0	4.32452e-05	-9.81763e-05
22.85	1	0	-9.81763e-05
22.9	0	4.65623e-05	-0.000100935
22.9	1	0	-0.000100935
22.95	0	5.0924e-05	-0.00010469
22.95	1	0	-0.00010469
23	0	5.63158e-05	-0.000109455
23	1	0	-0.000109455
23.05	0	6.25613e-05	-0.000115137
23.05	1	0	-0.000115137
23.1	0	6.91554e-05	-0.000121407
23.1	1	0	-0.000121407
23.15	0	7.50943e-05	-0.000127538
23.15	1	0	-0.000127538
23.2	0	7.8941e-05	-0.000132339
23.2	1	0	-0.000132339
23.25	0	7.94413e-05	-0.000134478
23.25	1	0	-0.000134478
23.3	0	7.64114e-05	-0.000133233
23.3	1	0	-0.000133233
23.35	0	7.08907e-05	-0.000129034
23.35	1	0	-0.000129034
23.4	0	6.43525e-05	-0.000123131
23.4	1	0	-0.000123131
23.45	0	5.79436e-05	-0.000116806
23.45	1	0	-0.000116806
23.5	0	5.22918e-05	-0.000110918
23.5	1	0	-0.000110918
23.55	0	4.76441e-05	-0.000105887
23.55	1	0	-0.000105887
23.6	0	4.40461e-05	-0.000101856
23.6	1	0	-0.000101856
23.65	0	4.14619e-05	-9.88304e-05
23.65	1	0	-9.88304e-05
23.7	0	3.98369e-05	-9.67687e-05
23.7	1	0	-9.67687e-05
23.75	0	3.91272e-05	-9.56245e-05
23.75	1	0	-9.56245e-05
23.8	0	3.93117e-05	-9.5367e-05
23.8	1	0	-9.5367e-05
23.85	0	4.03959e-05	-9.59889e-05
23.85	1	0	-9.59889e-05
23.9	0	4.24112e-05	-9.75076e-05
23.9	1	0	-9.75076e-05
23.95	0	4.54081e-05	-9.99619e-05
23.95	1	0	-9.99619e-05
24	0	4.94385e-05	-0.0001034
24	1	0	-0.0001034
24.05	0	5.45151e-05	-0.00010785
24.05	1	0	-0.00010785
24.1	0	6.05271e-05	-0.000113265
24.1	1	0	-0.000113265
24.15	0	6.70939e-05	-0.000119407
24.15	1	0	-0.000119407
24.2	0	7.33796e-05	-0.000125689
24.2	1	0	-0.000125689
24.25	0	7.80467e-05	-0.000131057
24.25	1	0	-0.000131057
24.3	0	7.96838e-05	-0.000134157
24.3	1	0	-0.000134157
24.35	0	7.76998e-05	-0.000133986
24.35	1	0	-0.000133986
24.4	0	7.28044e-05	-0.000130605
24.4	1	0	-0.000130605
24.45	0	6.64382e-05	-0.000125087
24.45	1	0	-0.000125087
24.5	0	5.98978e-05	-0.000118779
24.5	1	0	-0.000118779
24.55	0	5.39672e-05	-0.00011269
24.55	1	0	-0.00011269
24.6	0	4.89923e-05	-0.000107365
24.6	1	0	-0.000107365
24.65	0	4.50659e-05	-0.000103014
24.65	1	0	-0.000103014
24.7	0	4.21687e-05	-9.96757e-05
24.7	1	0	-9.96757e-05
24.75	0	4.02476e-05	-9.73162e-05
24.75	1	0	-9.73162e-05
24.8	0	3.92536e-05	-9.58877e-05
24.8	1	0	-9.58877e-05
24.85	0	3.91575e-05	-9.53534e-05
24.85	1	0	-9.53534e-05
24.9	0	3.99565e-05	-9.56979e-05
24.9	1	0	-9.56979e-05
24.95	0	4.16742e-05	-9.69313e-05
24.95	1	0	-9.69313e-05
25	0	4.43564e-05	-9.90863e-05
25	1	0	-9.90863e-05
25.05	0	4.80574e-05	-0.00010221
25.05	1	0	-0.00010221
25.1	0	5.28088e-05	-0.000106342
25.1	1	0	-0.000106342
25.15	0	5.85513e-05	-0.000111467
25.15	1	0	-0.000111467
25.2	0	6.50088e-05	-0.000117424
25.2	1	0	-0.000117424
25.25	0	7.1506e-05	-0.000123753
25.25	1	0	-0.000123753
25.3	0	7.68463e-05	-0.000129549
25.3	1	0	-0.000129549
25.35	0	7.95572e-05	-0.000133504
25.35	1	0	-0.000133504
25.4	0	7.86946e-05	-0.000134414
25.4	1	0	-0.000134414
25.45	0	7.45744e-05	-0.000131962
25.45	1	0	-0.000131962
25.5	0	6.85109e-05	-0.000126968
25.5	1	0	-0.000126968
25.55	0	6.19155e-05	-0.000120777
25.55	1	0	-0.000120777
25.6	0	5.5739e-05	-0.00011454
25.6	1	0	-0.00011454
25.65	0	5.0445e-05	-0.00010894
25.65	1	0	-0.00010894
25.7	0	4.61876e-05	-0.000104273
25.7	1	0	-0.000104273
25.75	0	4.29719e-05	-0.000100618
25.75	1	0	-0.000100618
25.8	0	4.07498e-05	-9.79557e-05
25.8	1	0	-9.79557e-05
25.85	0	3.94685e-05	-9.62392e-05
25.85	1	0	-9.62392e-05
25.9	0	3.90916e-05	-9.54264e-05
25.9	1	0	-9.54264e-05
25.95	0	3.96078e-05	-9.54947e-05
25.95	1	0	-9.54947e-05
26	0	4.10325e-05	-9.6446e-05
26	1	0	-9.6446e-05
26.05	0	4.34055e-05	-9.83065e-05
26.05	1	0	-9.83065e-05
26.1	0	4.67808e-05	-0.00010112
26.1	1	0	-0.00010112
26.15	0	5.1202e-05	-0.000104933
26.15	1	0	-0.000104933
26.2	0	5.66491e-05	-0.000109754
26.2	1	0	-0.000109754
26.25	0	6.29318e-05	-0.000115481
26.25	1	0	-0.000115481
26.3	0	6.95208e-05	-0.000121767
26.3	1	0	-0.000121767
26.35	0	7.53819e-05	-0.000127858
26.35	1	0	-0.000127858
26.4	0	7.90665e-05	-0.000132542
26.4	1	0	-0.000132542
26.45	0	7.93591e-05	-0.000134499
26.45	1	0	-0.000134499
26.5	0	7.6152e-05	-0.000133065
26.5	1	0	-0.000133065
26.55	0	7.05351e-05	-0.000128732
26.55	1	0	-0.000128732
26.6	0	6.39785e-05	-0.000122774
26.6	1	0	-0.000122774
26.65	0	5.76002e-05	-0.000116456
26.65	1	0	-0.000116456
26.7	0	5.20012e-05	-0.000110609
26.7	1	0	-0.000110609
26.75	0	4.74128e-05	-0.000105632
26.75	1	0	-0.000105632
26.8	0	4.38735e-05	-0.000101658
26.8	1	0	-0.000101658
26.85	0	4.1345e-05	-9.86886e-05
26.85	1	0	-9.86886e-05
26.9	0	3.97727e-05	-9.66799e-05
26.9	1	0	-9.66799e-05
26.95	0	3.91139e-05	-9.55865e-05
26.95	1	0	-9.55865e-05
27	0	3.93488e-05	-9.53787e-05
27	1	0	-9.53787e-05
27.05	0	4.04846e-05	-9.60505e-05
27.05	1	0	-9.60505e-05
27.1	0	4.25539e-05	-9.7621e-05
27.1	1	0	-9.7621e-05
27.15	0	4.5608e-05	-0.00010013
27.15	1	0	-0.00010013
27.2	0	4.96979e-05	-0.000103624
27.2	1	0	-0.000103624
27.25	0	5.48321e-05	-0.000108132
27.25	1	0	-0.000108132
27.3	0	6.08891e-05	-0.000113597
27.3	1	0	-0.000113597
27.35	0	6.74673e-05	-0.000119766
27.35	1	0	-0.000119766
27.4	0	7.3701e-05	-0.000126029
27.4	1	0	-0.000126029
27.45	0	7.82312e-05	-0.000131306
27.45	1	0	-0.000131306
27.5	0	7.96674e-05	-0.00013424
27.5	1	0	-0.00013424
27.55	0	7.74886e-05	-0.000133874
27.55	1	0	-0.000133874
27.6	0	7.24696e-05	-0.000130337
27.6	1	0	-0.000130337
27.65	0	6.60632e-05	-0.00012474
27.65	1	0	-0.00012474
27.7	0	5.95413e-05	-0.000118422
27.7	1	0	-0.000118422
27.75	0	5.36588e-05	-0.000112366
27.75	1	0	-0.000112366
27.8	0	4.87422e-05	-0.000107092
27.8	1	0	-0.000107092
27.85	0	4.48751e-05	-0.000102799
27.85	1	0	-0.000102799
27.9	0	4.20345e-05	-9.95166e-05
27.9	1	0	-9.95166e-05
27.95	0	4.01671e-05	-9.7211e-05
27.95	1	0	-9.7211e-05
28	0	3.92243e-05	-9.58339e-05
28	1	0	-9.58339e-05
28.05	0	3.91787e-05	-9.53494e-05
28.05	1	0	-9.53494e-05
28.1	0	4.00288e-05	-9.57437e-05
28.1	1	0	-9.57437e-05
28.15	0	4.17996e-05	-9.70282e-05
28.15	1	0	-9.70282e-05
28.2	0	4.4538e-05	-9.92366e-05
28.2	1	0	-9.92366e-05
28.25	0	4.8298e-05	-0.000102416
28.25	1	0	-0.000102416
28.3	0	5.31083e-05	-0.000106606
28.3	1	0	-0.000106606
28.35	0	5.89015e-05	-0.000111785
28.35	1	0	-0.000111785
28.4	0	6.53839e-05	-0.000117778
28.4	1	0	-0.000117778
28.45	0	7.18524e-05	-0.000124105
28.45	1	0	-0.000124105
28.5	0	7.70829e-05	-0.000129835
28.5	1	0	-0.000129835
28.55	0	7.96072e-05	-0.000133645
28.55	1	0	-0.000133645
28.6	0	7.85392e-05	-0.000134362
28.6	1	0	-0.000134362
28.65	0	7.42689e-05	-0.000131736
28.65	1	0	-0.000131736
28.7	0	6.81407e-05	-0.000126637
28.7	1	0	-0.000126637
28.75	0	6.15488e-05	-0.000120417
28.75	1	0	-0.000120417
28.8	0	5.54136e-05	-0.000114202
28.8	1	0	-0.000114202
28.85	0	5.01761e-05	-0.00010865
28.85	1	0	-0.00010865
28.9	0	4.59784e-05	-0.000104039
28.9	1	0	-0.000104039
28.95	0	4.28203e-05	-0.000100441
28.95	1	0	-0.000100441
29	0	4.06527e-05	-9.78339e-05
29	1	0	-9.78339e-05
29.05	0	3.94233e-05	-9.61695e-05
29.05	1	0	-9.61695e-05
29.1	0	3.9097e-05	-9.54069e-05
29.1	1	0	-9.54069e-05
29.15	0	3.96638e-05	-9.55248e-05
29.15	1	0	-9.55248e-05
29.2	0	4.1141e-05	-9.65266e-05
29.2	1	0	-9.65266e-05
29.25	0	4.35691e-05	-9.84397e-05
29.25	1	0	-9.84397e-05
29.3	0	4.70026e-05	-0.000101309
29.3	1	0	-0.000101309
29.35	0	5.14834e-05	-0.000105179
29.35	1	0	-0.000105179
29.4	0	5.69851e-05	-0.000110055
29.4	1	0	-0.000110055
29.45	0	6.33034e-05	-0.000115826
29.45	1	0	-0.000115826
29.5	0	6.9884e-05	-0.000122126
29.5	1	0	-0.000122126
29.55	0	7.56626e-05	-0.000128173
29.55	1	0	-0.000128173
29.6	0	7.91809e-05	-0.000132736
29.6	1	0	-0.000132736
29.65	0	7.92653e-05	-0.000134509
29.65	1	0	-0.000134509
29.7	0	7.58847e-05	-0.000132887
29.7	1	0	-0.000132887
29.75	0	7.01765e-05	-0.000128425
29.75	1	0	-0.000128425
29.8	0	6.36052e-05	-0.000122416
29.8	1	0	-0.000122416
29.85	0	5.72594e-05	-0.000116108
29.85	1	0	-0.000116108
29.9	0	5.17139e-05	-0.000110302
29.9	1	0	-0.000110302
29.95	0	4.71848e-05	-0.000105381
29.95	1	0	-0.000105381
30	0	4.3704e-05	-0.000101464
30	1	0	-0.000101464
30.05	0	4.1231e-05	-9.85499e-05
30.05	1	0	-9.85499e-05
30.1	0	3.97114e-05	-9.65941e-05
30.1	1	0	-9.65941e-05
30.15	0	3.91034e-05	-9.55513e-05
30.15	1	0	-9.55513e-05
30.2	0	3.93888e-05	-9.53931e-05
30.2	1	0	-9.53931e-05
30.25	0	4.05762e-05	-9.61151e-05
30.25	1	0	-9.61151e-05
30.3	0	4.26998e-05	-9.77373e-05
30.3	1	0	-9.77373e-05
30.35	0	4.58112e-05	-0.0001003
30.35	1	0	-0.0001003
30.4	0	4.99607e-05	-0.000103852
30.4	1	0	-0.000103852
30.45	0	5.51521e-05	-0.000108417
30.45	1	0	-0.000108417
30.5	0	6.12528e-05	-0.00011393
30.5	1	0	-0.00011393
30.55	0	6.78397e-05	-0.000120125
30.55	1	0	-0.000120125
30.6	0	7.4017e-05	-0.000126366
30.6	1	0	-0.000126366
30.65	0	7.84055e-05	-0.000131547
30.65	1	0	-0.000131547
30.7	0	7.96389e-05	-0.000134312
30.7	1	0	-0.000134312
30.75	0	7.72682e-05	-0.000133752
30.75	1	0	-0.000133752
30.8	0	7.21303e-05	-0.000130062
30.8	1	0	-0.000130062
30.85	0	6.5688e-05	-0.00012439
30.85	1	0	-0.00012439
30.9	0	5.9187e-05	-0.000118066
30.9	1	0	-0.000118066
30.95	0	5.33534e-05	-0.000112044
30.95	1	0	-0.000112044
31	0	4.84955e-05	-0.000106822
31	1	0	-0.000106822
31.05	0	4.46875e-05	-0.000102586
31.05	1	0	-0.000102586
31.1	0	4.19035e-05	-9.93607e-05
31.1	1	0	-9.93607e-05
31.15	0	4.00895e-05	-9.71088e-05
31.15	1	0	-9.71088e-05
31.2	0	3.9198e-05	-9.5783e-05
31.2	1	0	-9.5783e-05
31.25	0	3.92027e-05	-9.53483e-05
31.25	1	0	-9.53483e-05
31.3	0	4.0104e-05	-9.57924e-05
31.3	1	0	-9.57924e-05
31.35	0	4.19281e-05	-9.7128e-05
31.35	1	0	-9.7128e-05
31.4	0	4.47228e-05	-9.939e-05
31.4	1	0	-9.939e-05
31.45	0	4.8542e-05	-0.000102626
31.45	1	0	-0.000102626
31.5	0	5.34111e-05	-0.000106873
31.5	1	0	-0.000106873
31.55	0	5.9254e-05	-0.000112105
31.55	1	0	-0.000112105
31.6	0	6.57591e-05	-0.000118133
31.6	1	0	-0.000118133
31.65	0	7.2195e-05	-0.000124456
31.65	1	0	-0.000124456
31.7	0	7.73107e-05	-0.000130115
31.7	1	0	-0.000130115
31.75	0	7.96452e-05	-0.000133776
31.75	1	0	-0.000133776
31.8	0	7.83732e-05	-0.000134299
31.8	1	0	-0.000134299
31.85	0	7.39575e-05	-0.000131501
31.85	1	0	-0.000131501
31.9	0	6.77692e-05	-0.000126302
31.9	1	0	-0.000126302
31.95	0	6.11837e-05	-0.000120057
31.95	1	0	-0.000120057
32	0	5.50912e-05	-0.000113867
32	1	0	-0.000113867
32.05	0	4.99106e-05	-0.000108362
32.05	1	0	-0.000108362
32.1	0	4.57724e-05	-0.000103809
32.1	1	0	-0.000103809
32.15	0	4.26719e-05	-0.000100268
32.15	1	0	-0.000100268
32.2	0	4.05586e-05	-9.7715e-05
32.2	1	0	-9.7715e-05
32.25	0	3.9381e-05	-9.61026e-05
32.25	1	0	-9.61026e-05
32.3	0	3.91052e-05	-9.53902e-05
32.3	1	0	-9.53902e-05
32.35	0	3.97228e-05	-9.55577e-05
32.35	1	0	-9.55577e-05
32.4	0	4.12524e-05	-9.66101e-05
32.4	1	0	-9.66101e-05
32.45	0	4.37359e-05	-9.8576e-05
32.45	1	0	-9.8576e-05
32.5	0	4.72278e-05	-0.000101501
32.5	1	0	-0.000101501
32.55	0	5.17681e-05	-0.000105428
32.55	1	0	-0.000105428
32.6	0	5.73238e-05	-0.00011036
32.6	1	0	-0.00011036
32.65	0	6.36759e-05	-0.000116173
32.65	1	0	-0.000116173
32.7	0	7.02447e-05	-0.000122484
32.7	1	0	-0.000122484
32.75	0	7.5936e-05	-0.000128484
32.75	1	0	-0.000128484
32.8	0	7.92839e-05	-0.000132921
32.8	1	0	-0.000132921
32.85	0	7.91601e-05	-0.000134508
32.85	1	0	-0.000134508
32.9	0	7.56099e-05	-0.0001327
32.9	1	0	-0.0001327
32.95	0	6.98153e-05	-0.000128114
32.95	1	0	-0.000128114
33	0	6.32328e-05	-0.000122058
33	1	0	-0.000122058
33.05	0	5.69212e-05	-0.000115761
33.05	1	0	-0.000115761
33.1	0	5.14298e-05	-0.000109998
33.1	1	0	-0.000109998
33.15	0	4.69603e-05	-0.000105132
33.15	1	0	-0.000105132
33.2	0	4.35379e-05	-0.000101273
33.2	1	0	-0.000101273
33.25	0	4.11202e-05	-9.84142e-05
33.25	1	0	-9.84142e-05
33.3	0	3.9653e-05	-9.65111e-05
33.3	1	0	-9.65111e-05
33.35	0	3.90957e-05	-9.55189e-05
33.35	1	0	-9.55189e-05
33.4	0	3.94317e-05	-9.54104e-05
33.4	1	0	-9.54104e-05
33.45	0	4.06709e-05	-9.61825e-05
33.45	1	0	-9.61825e-05
33.5	0	4.28488e-05	-9.78567e-05
33.5	1	0	-9.78567e-05
33.55	0	4.60178e-05	-0.000100474
33.55	1	0	-0.000100474
33.6	0	5.02268e-05	-0.000104083
33.6	1	0	-0.000104083
33.65	0	5.5475e-05	-0.000108704
33.65	1	0	-0.000108704
33.7	0	6.16182e-05	-0.000114266
33.7	1	0	-0.000114266
33.75	0	6.8211e-05	-0.000120485
33.75	1	0	-0.000120485
33.8	0	7.43273e-05	-0.0001267
33.8	1	0	-0.0001267
33.85	0	7.85695e-05	-0.00013178
33.85	1	0	-0.00013178
33.9	0	7.95986e-05	-0.000134372
33.9	1	0	-0.000134372
33.95	0	7.70387e-05	-0.000133619
33.95	1	0	-0.000133619
34	0	7.17871e-05	-0.000129781
34	1	0	-0.000129781
34.05	0	6.53128e-05	-0.000124039
34.05	1	0	-0.000124039
34.1	0	5.88349e-05	-0.00011771
34.1	1	0	-0.00011771
34.15	0	5.30513e-05	-0.000111724
34.15	1	0	-0.000111724
34.2	0	4.82521e-05	-0.000106556
34.2	1	0	-0.000106556
34.25	0	4.45033e-05	-0.000102377
34.25	1	0	-0.000102377
34.3	0	4.17756e-05	-9.92078e-05
34.3	1	0	-9.92078e-05
34.35	0	4.00148e-05	-9.70096e-05
34.35	1	0	-9.70096e-05
34.4	0	3.91744e-05	-9.57348e-05
34.4	1	0	-9.57348e-05
34.45	0	3.92297e-05	-9.53499e-05
34.45	1	0	-9.53499e-05
34.5	0	4.01821e-05	-9.58439e-05
34.5	1	0	-9.58439e-05
34.55	0	4.20597e-05	-9.72307e-05
34.55	1	0	-9.72307e-05
34.6	0	4.4911e-05	-9.95465e-05
34.6	1	0	-9.95465e-05
34.65	0	4.87893e-05	-0.000102839
34.65	1	0	-0.000102839
34.7	0	5.3717e-05	-0.000107143
34.7	1	0	-0.000107143
34.75	0	5.96087e-05	-0.000112427
34.75	1	0	-0.000112427
34.8	0	6.61343e-05	-0.000118489
34.8	1	0	-0.000118489
34.85	0	7.25334e-05	-0.000124806
34.85	1	0	-0.000124806
34.9	0	7.75294e-05	-0.000130388
34.9	1	0	-0.000130388
34.95	0	7.96714e-05	-0.000133896
34.95	1	0	-0.000133896
35	0	7.8197e-05	-0.000134225
35	1	0	-0.000134225
35.05	0	7.36405e-05	-0.000131259
35.05	1	0	-0.000131259
35.1	0	6.73966e-05	-0.000125965
35.1	1	0	-0.000125965
35.15	0	6.08203e-05	-0.000119698
35.15	1	0	-0.000119698
35.2	0	5.47717e-05	-0.000113533
35.2	1	0	-0.000113533
35.25	0	4.96485e-05	-0.000108078
35.25	1	0	-0.000108078
35.3	0	4.55698e-05	-0.000103581
35.3	1	0	-0.000103581
35.35	0	4.25266e-05	-0.000100098
35.35	1	0	-0.000100098
35.4	0	4.04675e-05	-9.75992e-05
35.4	1	0	-9.75992e-05
35.45	0	3.93415e-05	-9.60386e-05
35.45	1	0	-9.60386e-05
35.5	0	3.91162e-05	-9.53762e-05
35.5	1	0	-9.53762e-05
35.55	0	3.97847e-05	-9.55935e-05
35.55	1	0	-9.55935e-05
35.6	0	4.13669e-05	-9.66965e-05
35.6	1	0	-9.66965e-05
35.65	0	4.39059e-05	-9.87153e-05
35.65	1	0	-9.87153e-05
35.7	0	4.74564e-05	-0.000101696
35.7	1	0	-0.000101696
35.75	0	5.20561e-05	-0.000105681
35.75	1	0	-0.000105681
35.8	0	5.76651e-05	-0.000110667
35.8	1	0	-0.000110667
35.85	0	6.40493e-05	-0.000116522
35.85	1	0	-0.000116522
35.9	0	7.06027e-05	-0.000122842
35.9	1	0	-0.000122842
35.95	0	7.62018e-05	-0.00012879
35.95	1	0	-0.00012879
36	0	7.93756e-05	-0.000133097
36	1	0	-0.000133097
36.05	0	7.90436e-05	-0.000134496
36.05	1	0	-0.000134496
36.1	0	7.53279e-05	-0.000132504
36.1	1	0	-0.000132504
36.15	0	6.94517e-05	-0.000127798
36.15	1	0	-0.000127798
36.2	0	6.28615e-05	-0.000121699
36.2	1	0	-0.000121699
36.25	0	5.65857e-05	-0.000115416
36.25	1	0	-0.000115416
36.3	0	5.1149e-05	-0.000109697
36.3	1	0	-0.000109697
36.35	0	4.67391e-05	-0.000104887
36.35	1	0	-0.000104887
36.4	0	4.33749e-05	-0.000101085
36.4	1	0	-0.000101085
36.45	0	4.10123e-05	-9.82816e-05
36.45	1	0	-9.82816e-05
36.5	0	3.95975e-05	-9.64311e-05
36.5	1	0	-9.64311e-05
36.55	0	3.90909e-05	-9.54893e-05
36.55	1	0	-9.54893e-05
36.6	0	3.94774e-05	-9.54305e-05
36.6	1	0	-9.54305e-05
36.65	0	4.07686e-05	-9.62528e-05
36.65	1	0	-9.62528e-05
36.7	0	4.3001e-05	-9.79791e-05
36.7	1	0	-9.79791e-05
36.75	0	4.62277e-05	-0.000100652
36.75	1	0	-0.000100652
36.8	0	5.04963e-05	-0.000104318
36.8	1	0	-0.000104318
36.85	0	5.5801e-05	-0.000108995
36.85	1	0	-0.000108995
36.9	0	6.19852e-05	-0.000114605
36.9	1	0	-0.000114605
36.95	0	6.85809e-05	-0.000120845
36.95	1	0	-0.000120845
37	0	7.46316e-05	-0.00012703
37	1	0	-0.00012703
37.05	0	7.87229e-05	-0.000132004
37.05	1	0	-0.000132004
37.1	0	7.95464e-05	-0.000134422
37.1	1	0	-0.000134422
37.15	0	7.68005e-05	-0.000133476
37.15	1	0	-0.000133476
37.2	0	7.14399e-05	-0.000129494
37.2	1	0	-0.000129494
37.25	0	6.49377e-05	-0.000123686
37.25	1	0	-0.000123686
37.3	0	5.84851e-05	-0.000117357
37.3	1	0	-0.000117357
37.35	0	5.27523e-05	-0.000111408
37.35	1	0	-0.000111408
37.4	0	4.80122e-05	-0.000106292
37.4	1	0	-0.000106292
37.45	0	4.43223e-05	-0.000102171
37.45	1	0	-0.000102171
37.5	0	4.16508e-05	-9.90581e-05
37.5	1	0	-9.90581e-05
37.55	0	3.99431e-05	-9.69133e-05
37.55	1	0	-9.69133e-05
37.6	0	3.91538e-05	-9.56896e-05
37.6	1	0	-9.56896e-05
37.65	0	3.92594e-05	-9.53544e-05
37.65	1	0	-9.53544e-05
37.7	0	4.02632e-05	-9.58983e-05
37.7	1	0	-9.58983e-05
37.75	0	4.21945e-05	-9.73365e-05
37.75	1	0	-9.73365e-05
37.8	0	4.51024e-05	-9.97062e-05
37.8	1	0	-9.97062e-05
37.85	0	4.90401e-05	-0.000103055
37.85	1	0	-0.000103055
37.9	0	5.40261e-05	-0.000107417
37.9	1	0	-0.000107417
37.95	0	5.99656e-05	-0.000112752
37.95	1	0	-0.000112752
38	0	6.65092e-05	-0.000118847
38	1	0	-0.000118847
38.05	0	7.28674e-05	-0.000125152
38.05	1	0	-0.000125152
38.1	0	7.77388e-05	-0.000130655
38.1	1	0	-0.000130655
38.15	0	7.96856e-05	-0.000134006
38.15	1	0	-0.000134006
38.2	0	7.80106e-05	-0.00013414
38.2	1	0	-0.00013414
38.25	0	7.33181e-05	-0.000131009
38.25	1	0	-0.000131009
38.3	0	6.7023e-05	-0.000125624
38.3	1	0	-0.000125624
38.35	0	6.04587e-05	-0.000119339
38.35	1	0	-0.000119339
38.4	0	5.44553e-05	-0.000113202
38.4	1	0	-0.000113202
38.45	0	4.93897e-05	-0.000107797
38.45	1	0	-0.000107797
38.5	0	4.53705e-05	-0.000103358
38.5	1	0	-0.000103358
38.55	0	4.23844e-05	-9.99304e-05
38.55	1	0	-9.99304e-05
38.6	0	4.03794e-05	-9.74864e-05
38.6	1	0	-9.74864e-05
38.65	0	3.9305e-05	-9.59775e-05
38.65	1	0	-9.59775e-05
38.7	0	3.91301e-05	-9.53651e-05
38.7	1	0	-9.53651e-05
38.75	0	3.98494e-05	-9.5632e-05
38.75	1	0	-9.5632e-05
38.8	0	4.14844e-05	-9.67859e-05
38.8	1	0	-9.67859e-05
38.85	0	4.40792e-05	-9.88577e-05
38.85	1	0	-9.88577e-05
38.9	0	4.76883e-05	-0.000101894
38.9	1	0	-0.000101894
38.95	0	5.23473e-05	-0.000105936
38.95	1	0	-0.000105936
39	0	5.80091e-05	-0.000110977
39	1	0	-0.000110977
39.05	0	6.44234e-05	-0.000116873
39.05	1	0	-0.000116873
39.1	0	7.09578e-05	-0.000123198
39.1	1	0	-0.000123198
39.15	0	7.64597e-05	-0.00012909
39.15	1	0	-0.00012909
39.2	0	7.94556e-05	-0.000133264
39.2	1	0	-0.000133264
39.25	0	7.89159e-05	-0.000134473
39.25	1	0	-0.000134473
39.3	0	7.5039e-05	-0.0001323
39.3	1	0	-0.0001323
39.35	0	6.9086e-05	-0.000127477
39.35	1	0	-0.000127477
39.4	0	6.24912e-05	-0.000121339
39.4	1	0	-0.000121339
39.45	0	5.6253e-05	-0.000115072
39.45	1	0	-0.000115072
39.5	0	5.08716e-05	-0.000109399
39.5	1	0	-0.000109399
39.55	0	4.65212e-05	-0.000104645
39.55	1	0	-0.000104645
39.6	0	4.32151e-05	-0.0001009
39.6	1	0	-0.0001009
39.65	0	4.09075e-05	-9.8152e-05
39.65	1	0	-9.8152e-05
39.7	0	3.95449e-05	-9.63539e-05
39.7	1	0	-9.63539e-05
39.75	0	3.9089e-05	-9.54626e-05
39.75	1	0	-9.54626e-05
39.8	0	3.9526e-05	-9.54533e-05
39.8	1	0	-9.54533e-05
39.85	0	4.08693e-05	-9.63259e-05
39.85	1	0	-9.63259e-05
39.9	0	4.31564e-05	-9.81045e-05
39.9	1	0	-9.81045e-05
39.95	0	4.64409e-05	-0.000100832
39.95	1	0	-0.000100832
40	0	5.07692e-05	-0.000104555
40	1	0	-0.000104555
40.05	0	5.61298e-05	-0.000109289
40.05	1	0	-0.000109289
40.1	0	6.23537e-05	-0.000114945
40.1	1	0	-0.000114945
40.15	0	6.89492e-05	-0.000121205
40.15	1	0	-0.000121205
40.2	0	7.49296e-05	-0.000127356
40.2	1	0	-0.000127356
40.25	0	7.88656e-05	-0.000132221
40.25	1	0	-0.000132221
40.3	0	7.94824e-05	-0.000134461
40.3	1	0	-0.000134461
40.35	0	7.65537e-05	-0.000133323
40.35	1	0	-0.000133323
40.4	0	7.10893e-05	-0.000129201
40.4	1	0	-0.000129201
40.45	0	6.45629e-05	-0.000123331
40.45	1	0	-0.000123331
40.5	0	5.81378e-05	-0.000117004
40.5	1	0	-0.000117004
40.55	0	5.24566e-05	-0.000111094
40.55	1	0	-0.000111094
40.6	0	4.77756e-05	-0.000106032
40.6	1	0	-0.000106032
40.65	0	4.41446e-05	-0.000101968
40.65	1	0	-0.000101968
40.7	0	4.1529e-05	-9.89115e-05
40.7	1	0	-9.89115e-05
40.75	0	3.98743e-05	-9.68199e-05
40.75	1	0	-9.68199e-05
40.8	0	3.9136e-05	-9.56471e-05
40.8	1	0	-9.56471e-05
40.85	0	3.92921e-05	-9.53617e-05
40.85	1	0	-9.53617e-05
40.9	0	4.03473e-05	-9.59555e-05
40.9	1	0	-9.59555e-05
40.95	0	4.23323e-05	-9.74452e-05
40.95	1	0	-9.74452e-05
41	0	4.52972e-05	-9.9869e-05
41	1	0	-9.9869e-05
41.05	0	4.92942e-05	-0.000103275
41.05	1	0	-0.000103275
41.1	0	5.43383e-05	-0.000107694
41.1	1	0	-0.000107694
41.15	0	6.03245e-05	-0.00011308
41.15	1	0	-0.00011308
41.2	0	6.68837e-05	-0.000119205
41.2	1	0	-0.000119205
41.25	0	7.31967e-05	-0.000125497
41.25	1	0	-0.000125497
41.3	0	7.79387e-05	-0.000130914
41.3	1	0	-0.000130914
41.35	0	7.96878e-05	-0.000134106
41.35	1	0	-0.000134106
41.4	0	7.78144e-05	-0.000134045
41.4	1	0	-0.000134045
41.45	0	7.29906e-05	-0.000130752
41.45	1	0	-0.000130752
41.5	0	6.66488e-05	-0.000125281
41.5	1	0	-0.000125281
41.55	0	6.0099e-05	-0.00011898
41.55	1	0	-0.00011898
41.6	0	5.4142e-05	-0.000112874
41.6	1	0	-0.000112874
41.65	0	4.91343e-05	-0.00010752
41.65	1	0	-0.00010752
41.7	0	4.51746e-05	-0.000103137
41.7	1	0	-0.000103137
41.75	0	4.22454e-05	-9.97665e-05
41.75	1	0	-9.97665e-05
41.8	0	4.02942e-05	-9.73766e-05
41.8	1	0	-9.73766e-05
41.85	0	3.92713e-05	-9.59192e-05
41.85	1	0	-9.59192e-05
41.9	0	3.91468e-05	-9.53568e-05
41.9	1	0	-9.53568e-05
41.95	0	3.99171e-05	-9.56734e-05
41.95	1	0	-9.56734e-05
42	0	4.16051e-05	-9.68782e-05
42	1	0	-9.68782e-05
42.05	0	4.42557e-05	-9.90031e-05
42.05	1	0	-9.90031e-05
42.1	0	4.79236e-05	-0.000102095
42.1	1	0	-0.000102095
42.15	0	5.26418e-05	-0.000106195
42.15	1	0	-0.000106195
42.2	0	5.83555e-05	-0.00011129
42.2	1	0	-0.00011129
42.25	0	6.4798e-05	-0.000117225
42.25	1	0	-0.000117225
42.3	0	7.13097e-05	-0.000123554
42.3	1	0	-0.000123554
42.35	0	7.67095e-05	-0.000129385
42.35	1	0	-0.000129385
42.4	0	7.95239e-05	-0.00013342
42.4	1	0	-0.00013342
42.45	0	7.87773e-05	-0.000134438
42.45	1	0	-0.000134438
42.5	0	7.47433e-05	-0.000132086
42.5	1	0	-0.000132086
42.55	0	6.87183e-05	-0.000127152
42.55	1	0	-0.000127152
42.6	0	6.21223e-05	-0.000120979
42.6	1	0	-0.000120979
42.65	0	5.59231e-05	-0.000114731
42.65	1	0	-0.000114731
42.7	0	5.05975e-05	-0.000109104
42.7	1	0	-0.000109104
42.75	0	4.63067e-05	-0.000104406
42.75	1	0	-0.000104406
42.8	0	4.30585e-05	-0.000100719
42.8	1	0	-0.000100719
42.85	0	4.08057e-05	-9.80255e-05
42.85	1	0	-9.80255e-05
42.9	0	3.94952e-05	-9.62797e-05
42.9	1	0	-9.62797e-05
42.95	0	3.90899e-05	-9.54387e-05
42.95	1	0	-9.54387e-05
43	0	3.95776e-05	-9.5479e-05
43	1	0	-9.5479e-05
43.05	0	4.09729e-05	-9.6402e-05
43.05	1	0	-9.6402e-05
43.1	0	4.3315e-05	-9.8233e-05
43.1	1	0	-9.8233e-05
43.15	0	4.66575e-05	-0.000101016
43.15	1	0	-0.000101016
43.2	0	5.10453e-05	-0.000104796
43.2	1	0	-0.000104796
43.25	0	5.64615e-05	-0.000109586
43.25	1	0	-0.000109586
43.3	0	6.27234e-05	-0.000115287
43.3	1	0	-0.000115287
43.35	0	6.93157e-05	-0.000121565
43.35	1	0	-0.000121565
43.4	0	7.52211e-05	-0.000127679
43.4	1	0	-0.000127679
43.45	0	7.89973e-05	-0.000132429
43.45	1	0	-0.000132429
43.5	0	7.94067e-05	-0.000134489
43.5	1	0	-0.000134489
43.55	0	7.62988e-05	-0.00013316
43.55	1	0	-0.00013316
43.6	0	7.07353e-05	-0.000128902
43.6	1	0	-0.000128902
43.65	0	6.41886e-05	-0.000122975
43.65	1	0	-0.000122975
43.7	0	5.77929e-05	-0.000116653
43.7	1	0	-0.000116653
43.75	0	5.21641e-05	-0.000110782
43.75	1	0	-0.000110782
43.8	0	4.75424e-05	-0.000105775
43.8	1	0	-0.000105775
43.85	0	4.39701e-05	-0.000101769
43.85	1	0	-0.000101769
43.9	0	4.14103e-05	-9.87679e-05
43.9	1	0	-9.87679e-05
43.95	0	3.98085e-05	-9.67295e-05
43.95	1	0	-9.67295e-05
44	0	3.9121e-05	-9.56075e-05
44	1	0	-9.56075e-05
44.05	0	3.93276e-05	-9.53718e-05
44.05	1	0	-9.53718e-05
44.1	0	4.04343e-05	-9.60155e-05
44.1	1	0	-9.60155e-05
44.15	0	4.24733e-05	-9.75569e-05
44.15	1	0	-9.75569e-05
44.2	0	4.54952e-05	-0.000100035
44.2	1	0	-0.000100035
44.25	0	4.95517e-05	-0.000103498
44.25	1	0	-0.000103498
44.3	0	5.46535e-05	-0.000107973
44.3	1	0	-0.000107973
44.35	0	6.06854e-05	-0.00011341
44.35	1	0	-0.00011341
44.4	0	6.72575e-05	-0.000119564
44.4	1	0	-0.000119564
44.45	0	7.3521e-05	-0.000125838
44.45	1	0	-0.000125838
44.5	0	7.81287e-05	-0.000131167
44.5	1	0	-0.000131167
44.55	0	7.96781e-05	-0.000134195
44.55	1	0	-0.000134195
44.6	0	7.76085e-05	-0.000133938
44.6	1	0	-0.000133938
44.65	0	7.26583e-05	-0.000130488
44.65	1	0	-0.000130488
44.7	0	6.6274e-05	-0.000124935
44.7	1	0	-0.000124935
44.75	0	5.97414e-05	-0.000118622
44.75	1	0	-0.000118622
44.8	0	5.38317e-05	-0.000112548
44.8	1	0	-0.000112548
44.85	0	4.88823e-05	-0.000107245
44.85	1	0	-0.000107245
44.9	0	4.49819e-05	-0.000102919
44.9	1	0	-0.000102919
44.95	0	4.21095e-05	-9.96056e-05
44.95	1	0	-9.96056e-05
45	0	4.0212e-05	-9.72698e-05
45	1	0	-9.72698e-05
45.05	0	3.92404e-05	-9.58638e-05
45.05	1	0	-9.58638e-05
45.1	0	3.91664e-05	-9.53513e-05
45.1	1	0	-9.53513e-05
45.15	0	3.99878e-05	-9.57176e-05
45.15	1	0	-9.57176e-05
45.2	0	4.17287e-05	-9.69734e-05
45.2	1	0	-9.69734e-05
45.25	0	4.44355e-05	-9.91517e-05
45.25	1	0	-9.91517e-05
45.3	0	4.81624e-05	-0.0001023
45.3	1	0	-0.0001023
45.35	0	5.29396e-05	-0.000106457
45.35	1	0	-0.000106457
45.4	0	5.87043e-05	-0.000111606
45.4	1	0	-0.000111606
45.45	0	6.5173e-05	-0.000117578
45.45	1	0	-0.000117578
45.5	0	7.16582e-05	-0.000123907
45.5	1	0	-0.000123907
45.55	0	7.6951e-05	-0.000129675
45.55	1	0	-0.000129675
45.6	0	7.95805e-05	-0.000133567
45.6	1	0	-0.000133567
45.65	0	7.86279e-05	-0.000134392
45.65	1	0	-0.000134392
45.7	0	7.44413e-05	-0.000131864
45.7	1	0	-0.000131864
45.75	0	6.8349e-05	-0.000126823
45.75	1	0	-0.000126823
45.8	0	6.17547e-05	-0.000120619
45.8	1	0	-0.000120619
45.85	0	5.55961e-05	-0.000114392
45.85	1	0	-0.000114392
45.9	0	5.03268e-05	-0.000108812
45.9	1	0	-0.000108812
45.95	0	4.60956e-05	-0.00010417
45.95	1	0	-0.00010417
46	0	4.29051e-05	-0.00010054
46	1	0	-0.00010054
46.05	0	4.07069e-05	-9.79019e-05
46.05	1	0	-9.79019e-05
46.1	0	3.94484e-05	-9.62083e-05
46.1	1	0	-9.62083e-05
46.15	0	3.90936e-05	-9.54175e-05
46.15	1	0	-9.54175e-05
46.2	0	3.9632e-05	-9.55076e-05
46.2	1	0	-9.55076e-05
46.25	0	4.10797e-05	-9.6481e-05
46.25	1	0	-9.6481e-05
46.3	0	4.34768e-05	-9.83645e-05
46.3	1	0	-9.83645e-05
46.35	0	4.68775e-05	-0.000101202
46.35	1	0	-0.000101202
46.4	0	5.13248e-05	-0.00010504
46.4	1	0	-0.00010504
46.45	0	5.67959e-05	-0.000109886
46.45	1	0	-0.000109886
46.5	0	6.30944e-05	-0.000115632
46.5	1	0	-0.000115632
46.55	0	6.96801e-05	-0.000121924
46.55	1	0	-0.000121924
46.6	0	7.55057e-05	-0.000127997
46.6	1	0	-0.000127997
46.65	0	7.9118e-05	-0.000132628
46.65	1	0	-0.000132628
46.7	0	7.93194e-05	-0.000134505
46.7	1	0	-0.000134505
46.75	0	7.60358e-05	-0.000132988
46.75	1	0	-0.000132988
46.8	0	7.03784e-05	-0.000128599
46.8	1	0	-0.000128599
46.85	0	6.38149e-05	-0.000122618
46.85	1	0	-0.000122618
46.9	0	5.74506e-05	-0.000116303
46.9	1	0	-0.000116303
46.95	0	5.1875e-05	-0.000110474
46.95	1	0	-0.000110474
47	0	4.73125e-05	-0.000105522
47	1	0	-0.000105522
47.05	0	4.37989e-05	-0.000101573
47.05	1	0	-0.000101573
47.1	0	4.12947e-05	-9.86275e-05
47.1	1	0	-9.86275e-05
47.15	0	3.97455e-05	-9.6642e-05
47.15	1	0	-9.6642e-05
47.2	0	3.91089e-05	-9.55707e-05
47.2	1	0	-9.55707e-05
47.25	0	3.9366e-05	-9.53846e-05
47.25	1	0	-9.53846e-05
47.3	0	4.05243e-05	-9.60784e-05
47.3	1	0	-9.60784e-05
47.35	0	4.26174e-05	-9.76716e-05
47.35	1	0	-9.76716e-05
47.4	0	4.56966e-05	-0.000100204
47.4	1	0	-0.000100204
47.45	0	4.98126e-05	-0.000103724
47.45	1	0	-0.000103724
47.5	0	5.49718e-05	-0.000108256
47.5	1	0	-0.000108256
47.55	0	6.10482e-05	-0.000113742
47.55	1	0	-0.000113742
47.6	0	6.76305e-05	-0.000119923
47.6	1	0	-0.000119923
47.65	0	7.38401e-05	-0.000126177
47.65	1	0	-0.000126177
47.7	0	7.83088e-05	-0.000131412
47.7	1	0	-0.000131412
47.75	0	7.96564e-05	-0.000134273
47.75	1	0	-0.000134273
47.8	0	7.73932e-05	-0.000133822
47.8	1	0	-0.000133822
47.85	0	7.23215e-05	-0.000130217
47.85	1	0	-0.000130217
47.9	0	6.58989e-05	-0.000124587
47.9	1	0	-0.000124587
47.95	0	5.93858e-05	-0.000118266
47.95	1	0	-0.000118266
48	0	5.35246e-05	-0.000112224
48	1	0	-0.000112224
48.05	0	4.86337e-05	-0.000106973
48.05	1	0	-0.000106973
48.1	0	4.47925e-05	-0.000102705
48.1	1	0	-0.000102705
48.15	0	4.19768e-05	-9.94479e-05
48.15	1	0	-9.94479e-05
48.2	0	4.01327e-05	-9.71659e-05
48.2	1	0	-9.71659e-05
48.25	0	3.92124e-05	-9.58113e-05
48.25	1	0	-9.58113e-05
48.3	0	3.91889e-05	-9.53486e-05
48.3	1	0	-9.53486e-05
48.35	0	4.00613e-05	-9.57647e-05
48.35	1	0	-9.57647e-05
48.4	0	4.18555e-05	-9.70715e-05
48.4	1	0	-9.70715e-05
48.45	0	4.46185e-05	-9.93034e-05
48.45	1	0	-9.93034e-05
48.5	0	4.84044e-05	-0.000102508
48.5	1	0	-0.000102508
48.55	0	5.32405e-05	-0.000106723
48.55	1	0	-0.000106723
48.6	0	5.90556e-05	-0.000111924
48.6	1	0	-0.000111924
48.65	0	6.55482e-05	-0.000117933
48.65	1	0	-0.000117933
48.7	0	7.2003e-05	-0.000124259
48.7	1	0	-0.000124259
48.75	0	7.71837e-05	-0.000129958
48.75	1	0	-0.000129958
48.8	0	7.96253e-05	-0.000133703
48.8	1	0	-0.000133703
48.85	0	7.84678e-05	-0.000134336
48.85	1	0	-0.000134336
48.9	0	7.41332e-05	-0.000131634
48.9	1	0	-0.000131634
48.95	0	6.79782e-05	-0.000126491
48.95	1	0	-0.000126491
49	0	6.13887e-05	-0.000120259
49	1	0	-0.000120259
49.05	0	5.5272e-05	-0.000114055
49.05	1	0	-0.000114055
49.1	0	5.00594e-05	-0.000108523
49.1	1	0	-0.000108523
49.15	0	4.58878e-05	-0.000103938
49.15	1	0	-0.000103938
49.2	0	4.27549e-05	-0.000100365
49.2	1	0	-0.000100365
49.25	0	4.06112e-05	-9.77815e-05
49.25	1	0	-9.77815e-05
49.3	0	3.94044e-05	-9.61398e-05
49.3	1	0	-9.61398e-05
49.35	0	3.91002e-05	-9.53992e-05
49.35	1	0	-9.53992e-05
49.4	0	3.96893e-05	-9.55389e-05
49.4	1	0	-9.55389e-05
49.45	0	4.11894e-05	-9.65628e-05
49.45	1	0	-9.65628e-05
49.5	0	4.36418e-05	-9.8499e-05
49.5	1	0	-9.8499e-05
49.55	0	4.71008e-05	-0.000101392
49.55	1	0	-0.000101392
49.6	0	5.16077e-05	-0.000105288
49.6	1	0	-0.000105288
49.65	0	5.71331e-05	-0.000110188
49.65	1	0	-0.000110188
49.7	0	6.34664e-05	-0.000115978
49.7	1	0	-0.000115978
49.75	0	7.00423e-05	-0.000122283
49.75	1	0	-0.000122283
49.8	0	7.57832e-05	-0.00012831
49.8	1	0	-0.00012831
49.85	0	7.92274e-05	-0.000132819
49.85	1	0	-0.000132819
49.9	0	7.92206e-05	-0.00013451
49.9	1	0	-0.00013451
49.95	0	7.57653e-05	-0.000132806
49.95	1	0	-0.000132806
50	0	7.00186e-05	-0.00012829
50	1	0	-0.00012829
