0	1	3e-06	0.961244	0.308607	0	-1.77265	5.9849	0
0.05	1	3e-06	0.872612	0.607852	0	-3.20482	4.98726	0
0.1	1	3e-06	0.712371	0.857215	0	-4.22037	3.76522	0
0.15	1	3e-06	0.501353	1.04548	0	-4.85525	2.4413	0
0.2	1	3e-06	0.25859	1.16754	0	-5.15374	1.09362	0
0.25	1	3e-06	0.000903386	1.22222	0	-5.15471	-0.227767	0
0.3	1	3e-06	-0.256832	1.21083	0	-4.88738	-1.48812	0
0.35	1	3e-06	-0.501201	1.13643	0	-4.37104	-2.65886	0
0.4	1	3e-06	-0.719753	1.00349	0	-3.61665	-3.71064	0
0.45	1	3e-06	-0.900586	0.817953	0	-2.62942	-4.60728	0
0.5	1	3e-06	-1.03206	0.587589	0	-1.41319	-5.29973	0
0.55	1	3e-06	-1.10272	0.322603	0	0.0219908	-5.7196	0
0.6	1	3e-06	-1.10162	0.0366226	0	1.64585	-5.77358	0
0.65	1	3e-06	-1.01932	-0.252057	0	3.38382	-5.34382	0
0.7	1	3e-06	-0.850133	-0.519248	0	5.08137	-4.30698	0
0.75	1	3e-06	-0.596064	-0.734597	0	6.47114	-2.59421	0
0.8	1	3e-06	-0.272507	-0.864307	0	7.19386	-0.302	0
0.85	1	3e-06	0.0871858	-0.879407	0	6.94449	2.21323	0
0.9	1	3e-06	0.43441	-0.768746	0	5.69896	4.41735	0
0.95	1	3e-06	0.719359	-0.547878	0	3.77841	5.88008	0
1	1	3e-06	0.908279	-0.253874	0	1.64101	6.47751	0
1.05	1	3e-06	0.99033	0.0700015	0	-0.356658	6.33631	0
1.1	1	3e-06	0.972497	0.386817	0	-2.03111	5.67028	0
1.15	1	3e-06	0.870941	0.670331	0	-3.32614	4.67354	0
1.2	1	3e-06	0.704634	0.904008	0	-4.24984	3.48849	0
1.25	1	3e-06	0.492142	1.07843	0	-4.83302	2.21056	0
1.3	1	3e-06	0.250491	1.18896	0	-5.10865	0.902278	0
1.35	1	3e-06	-0.00494124	1.23407	0	-5.10346	-0.393815	0
1.4	1	3e-06	-0.260114	1.21438	0	-4.83542	-1.64521	0
1.45	1	3e-06	-0.501885	1.13212	0	-4.31378	-2.82189	0
1.5	1	3e-06	-0.717574	0.991029	0	-3.54049	-3.88987	0
1.55	1	3e-06	-0.894599	0.796535	0	-2.51299	-4.80474	0
1.6	1	3e-06	-1.02025	0.556299	0	-1.22962	-5.50451	0
1.65	1	3e-06	-1.08173	0.281073	0	0.29982	-5.90191	0
1.7	1	3e-06	-1.06674	-0.0140223	0	2.03403	-5.87912	0
1.75	1	3e-06	-0.965037	-0.307978	0	3.86659	-5.29428	0
1.8	1	3e-06	-0.771707	-0.572692	0	5.583	-4.02051	0
1.85	1	3e-06	-0.492557	-0.773718	0	6.84308	-2.04116	0
1.9	1	3e-06	-0.150403	-0.875775	0	7.26621	0.42266	0
1.95	1	3e-06	0.212907	-0.854642	0	6.65111	2.89175	0
2	1	3e-06	0.545463	-0.710055	0	5.15118	4.84428	0
2.05	1	3e-06	0.803022	-0.467841	0	3.1765	5.99473	0
2.1	1	3e-06	0.961847	-0.168104	0	1.13703	6.35117	0
2.15	1	3e-06	1.0187	0.149454	0	-0.705288	6.08089	0
2.2	1	3e-06	0.983435	0.453499	0	-2.23369	5.37608	0
2.25	1	3e-06	0.87175	0.722303	0	-3.41961	4.39346	0
2.3	1	3e-06	0.70077	0.941976	0	-4.27437	3.2445	0
2.35	1	3e-06	0.487051	1.1042	0	-4.82132	2.0045	0
2.4	1	3e-06	0.245985	1.20443	0	-5.0827	0.724677	0
2.45	1	3e-06	-0.00815037	1.24066	0	-5.07428	-0.557643	0
2.5	1	3e-06	-0.261864	1.21278	0	-4.80365	-1.81102	0
2.55	1	3e-06	-0.502047	1.12223	0	-4.27033	-3.00315	0
2.6	1	3e-06	-0.715563	0.972069	0	-3.46715	-4.09424	0
2.65	1	3e-06	-0.888921	0.767357	0	-2.38363	-5.02959	0
2.7	1	3e-06	-1.0081	0.515878	0	-1.01338	-5.73078	0
2.75	1	3e-06	-1.05877	0.229338	0	0.630441	-6.08685	0
2.8	1	3e-06	-1.02725	-0.0750041	0	2.48617	-5.95135	0
2.85	1	3e-06	-0.902941	-0.372572	0	4.39862	-5.16224	0
2.9	1	3e-06	-0.683011	-0.630684	0	6.07659	-3.61281	0
2.95	1	3e-06	-0.379181	-0.811325	0	7.11866	-1.38314	0
3	1	3e-06	-0.023248	-0.880481	0	7.18582	1.16038	0
3.05	1	3e-06	0.336043	-0.822462	0	6.24	3.47525	0
3.1	1	3e-06	0.648043	-0.6487	0	4.58073	5.1362	0
3.15	1	3e-06	0.87708	-0.39189	0	2.62786	6.00877	0
3.2	1	3e-06	1.00847	-0.0914511	0	0.710663	6.18263	0
3.25	1	3e-06	1.04401	0.21768	0	-0.988368	5.82837	0
3.3	1	3e-06	0.994587	0.509099	0	-2.39587	5.10791	0
3.35	1	3e-06	0.874794	0.764494	0	-3.49709	4.14555	0
3.4	1	3e-06	0.699939	0.971772	0	-4.30145	3.0288	0
3.45	1	3e-06	0.484867	1.12321	0	-4.82414	1.81795	0
3.5	1	3e-06	0.24366	1.21411	0	-5.07743	0.555861	0
3.55	1	3e-06	-0.010212	1.2419	0	-5.06691	-0.723848	0
3.6	1	3e-06	-0.263558	1.20571	0	-4.79017	-1.98986	0
3.65	1	3e-06	-0.503066	1.10622	0	-4.23685	-3.20658	0
3.7	1	3e-06	-0.714909	0.945888	0	-3.39022	-4.32675	0
3.75	1	3e-06	-0.88442	0.72955	0	-2.23177	-5.28235	0
3.8	1	3e-06	-0.996008	0.465433	0	-0.752198	-5.97375	0
3.85	1	3e-06	-1.03362	0.166745	0	1.02556	-6.26054	0
3.9	1	3e-06	-0.98234	-0.146282	0	3.00489	-5.96579	0
3.95	1	3e-06	-0.832096	-0.444571	0	4.96102	-4.92067	0
4	1	3e-06	-0.584044	-0.690605	0	6.51918	-3.07823	0
4.05	1	3e-06	-0.258085	-0.844516	0	7.25897	-0.657477	0
4.1	1	3e-06	0.104863	-0.87739	0	6.95896	1.8527	0
4.15	1	3e-06	0.452811	-0.784755	0	5.75717	3.93549	0
4.2	1	3e-06	0.740669	-0.587981	0	4.02846	5.30782	0
4.25	1	3e-06	0.942092	-0.322589	0	2.14517	5.9527	0
4.3	1	3e-06	1.04935	-0.0249545	0	0.354073	5.99529	0
4.35	1	3e-06	1.06705	0.27481	0	-1.22035	5.58981	0
4.4	1	3e-06	1.00604	0.554301	0	-2.53073	4.86783	0
4.45	1	3e-06	0.879501	0.797692	0	-3.56782	3.92721	0
4.5	1	3e-06	0.70111	0.994052	0	-4.33669	2.83707	0
4.55	1	3e-06	0.484275	1.13591	0	-4.84439	1.64624	0
4.6	1	3e-06	0.242056	1.21822	0	-5.09376	0.391206	0
4.65	1	3e-06	-0.0126319	1.23778	0	-5.08061	-0.896973	0
4.7	1	3e-06	-0.266662	1.19293	0	-4.79242	-2.18622	0
4.75	1	3e-06	-0.506283	1.08362	0	-4.20834	-3.43634	0
4.8	1	3e-06	-0.716701	0.911802	0	-3.30144	-4.59012	0
4.85	1	3e-06	-0.881772	0.682296	0	-2.04554	-5.56191	0
4.9	1	3e-06	-0.984049	0.4042	0	-0.432178	-6.2246	0
4.95	1	3e-06	-1.00566	0.0929703	0	1.49484	-6.40275	0
5	1	3e-06	-0.930916	-0.227167	0	3.5833	-5.89311	0
5.05	1	3e-06	-0.751751	-0.521822	0	5.51964	-4.54901	0
5.1	1	3e-06	-0.475769	-0.749273	0	6.86281	-2.4337	0
5.15	1	3e-06	-0.132629	-0.870958	0	7.24567	0.0805044	0
5.2	1	3e-06	0.229655	-0.866933	0	6.61723	2.45284	0
5.25	1	3e-06	0.560516	-0.744291	0	5.24941	4.26912	0
5.3	1	3e-06	0.822987	-0.530835	0	3.51987	5.38469	0
5.35	1	3e-06	0.99898	-0.2616	0	1.72922	5.85361	0
5.4	1	3e-06	1.08544	0.0310802	0	0.0558874	5.80569	0
5.45	1	3e-06	1.08824	0.321365	0	-1.41445	5.37149	0
5.5	1	3e-06	1.01751	0.589939	0	-2.64887	4.65579	0
5.55	1	3e-06	0.88507	0.822729	0	-3.63897	3.73543	0
5.6	1	3e-06	0.703121	1.0095	0	-4.38438	2.66521	0
5.65	1	3e-06	0.483902	1.14276	0	-4.88416	1.48495	0
5.7	1	3e-06	0.239694	1.21701	0	-5.13208	0.226168	0
5.75	1	3e-06	-0.0169102	1.22832	0	-5.11408	-1.08177	0
5.8	1	3e-06	-0.272614	1.17423	0	-4.80688	-2.40497	0
5.85	1	3e-06	-0.512958	1.05398	0	-4.1782	-3.69673	0
5.9	1	3e-06	-0.721868	0.869144	0	-3.1902	-4.88629	0
5.95	1	3e-06	-0.881378	0.624829	0	-1.8106	-5.86432	0
6	1	3e-06	-0.971908	0.331613	0	-0.0391086	-6.46875	0
6.05	1	3e-06	-0.973864	0.00817578	0	2.04197	-6.48622	0
6.1	1	3e-06	-0.871765	-0.316135	0	4.19993	-5.70366	0
6.15	1	3e-06	-0.661768	-0.601318	0	6.02715	-4.04335	0
6.2	1	3e-06	-0.360411	-0.803486	0	7.06891	-1.72089	0
6.25	1	3e-06	-0.00696511	-0.88953	0	7.08844	0.773518	0
6.3	1	3e-06	0.347457	-0.850855	0	6.20497	2.93697	0
6.35	1	3e-06	0.657706	-0.704006	0	4.7532	4.49094	0
6.4	1	3e-06	0.895366	-0.479459	0	3.06631	5.39425	0
6.45	1	3e-06	1.04868	-0.209747	0	1.37396	5.73274	0
6.5	1	3e-06	1.11738	0.0768902	0	-0.195865	5.62471	0
6.55	1	3e-06	1.10759	0.358126	0	-1.58198	5.17653	0
6.6	1	3e-06	1.02849	0.616953	0	-2.75877	4.47061	0
6.65	1	3e-06	0.890549	0.840483	0	-3.71613	3.56708	0
6.7	1	3e-06	0.704742	1.01884	0	-4.44782	2.50928	0
6.75	1	3e-06	0.482351	1.1443	0	-4.94502	1.32976	0
6.8	1	3e-06	0.235101	1.21079	0	-5.19234	0.0560105	0
6.85	1	3e-06	-0.0245166	1.21359	0	-5.16528	-1.28342	0
6.9	1	3e-06	-0.282781	1.14942	0	-4.82872	-2.65144	0
6.95	1	3e-06	-0.524217	1.01685	0	-4.13762	-3.99199	0
7	1	3e-06	-0.731098	0.817247	0	-3.04308	-5.21551	0
7.05	1	3e-06	-0.883252	0.556472	0	-1.51059	-6.18102	0
7.1	1	3e-06	-0.958782	0.247421	0	0.438767	-6.68407	0
7.15	1	3e-06	-0.936843	-0.0867826	0	2.65916	-6.47838	0
7.2	1	3e-06	-0.803885	-0.410702	0	4.81621	-5.37635	0
7.25	1	3e-06	-0.563075	-0.679519	0	6.43339	-3.42474	0
7.3	1	3e-06	-0.241405	-0.850757	0	7.12238	-0.996614	0
7.35	1	3e-06	0.114714	-0.900587	0	6.81977	1.3791	0
7.4	1	3e-06	0.455702	-0.831633	0	5.76497	3.30405	0
7.45	1	3e-06	0.743951	-0.66643	0	4.29115	4.6243	0
7.5	1	3e-06	0.958508	-0.435215	0	2.66923	5.36074	0
7.55	1	3e-06	1.09197	-0.167178	0	1.07035	5.60552	0
7.6	1	3e-06	1.14549	0.113098	0	-0.412264	5.45914	0
7.65	1	3e-06	1.12487	0.386055	0	-1.7323	5.00611	0
7.7	1	3e-06	1.03826	0.63636	0	-2.86718	4.31052	0
7.75	1	3e-06	0.8949	0.851886	0	-3.80374	3.41898	0
7.8	1	3e-06	0.704713	1.02284	0	-4.52963	2.36541	0
7.85	1	3e-06	0.478232	1.14111	0	-5.02803	1.17618	0
7.9	1	3e-06	0.22683	1.19991	0	-5.2739	-0.124461	0
7.95	1	3e-06	-0.0368648	1.19369	0	-5.23118	-1.50779	0
8	1	3e-06	-0.298424	1.1183	0	-4.85128	-2.93142	0
8.05	1	3e-06	-0.540988	0.971731	0	-4.07503	-4.32573	0
8.1	1	3e-06	-0.744739	0.755444	0	-2.84359	-5.57487	0
8.15	1	3e-06	-0.886919	0.476701	0	-1.12868	-6.4966	0
8.2	1	3e-06	-0.943353	0.151871	0	1.0059	-6.84025	0
8.25	1	3e-06	-0.893058	-0.190141	0	3.32164	-6.3472	0
8.3	1	3e-06	-0.726976	-0.507501	0	5.38071	-4.90976	0
8.35	1	3e-06	-0.457941	-0.752989	0	6.70127	-2.73838	0
8.4	1	3e-06	-0.122877	-0.889908	0	7.03582	-0.315477	0
8.45	1	3e-06	0.228914	-0.905682	0	6.48154	1.87751	0
8.5	1	3e-06	0.55299	-0.811807	0	5.32975	3.56837	0
8.55	1	3e-06	0.819478	-0.633388	0	3.87384	4.69367	0
8.6	1	3e-06	1.01317	-0.398705	0	2.32441	5.3034	0
8.65	1	3e-06	1.12939	-0.133534	0	0.808762	5.48261	0
8.7	1	3e-06	1.16983	0.140596	0	-0.60294	5.31294	0
8.75	1	3e-06	1.13968	0.406243	0	-1.87306	4.86021	0
8.8	1	3e-06	1.04603	0.649253	0	-2.97955	4.17342	0
8.85	1	3e-06	0.897051	0.857924	0	-3.90544	3.28792	0
8.9	1	3e-06	0.701779	1.02232	0	-4.63196	2.22955	0
8.95	1	3e-06	0.470181	1.1338	0	-5.13386	1.01928	0
9	1	3e-06	0.213488	1.18476	0	-5.3754	-0.321172	0
9.05	1	3e-06	-0.0552817	1.1687	0	-5.30727	-1.76151	0
9.1	1	3e-06	-0.320645	1.08063	0	-4.86533	-3.2509	0
9.15	1	3e-06	-0.563912	0.918083	0	-3.97539	-4.69979	0
9.2	1	3e-06	-0.762681	0.683093	0	-2.57275	-5.95606	0
9.25	1	3e-06	-0.891319	0.38529	0	-0.651135	-6.78671	0
9.3	1	3e-06	-0.923875	0.0459544	0	1.65292	-6.90132	0
9.35	1	3e-06	-0.841229	-0.299112	0	3.98609	-6.07173	0
9.4	1	3e-06	-0.641925	-0.602698	0	5.84218	-4.32906	0
9.45	1	3e-06	-0.349815	-0.819151	0	6.8193	-2.04097	0
9.5	1	3e-06	-0.00885018	-0.921199	0	6.84165	0.284778	0
9.55	1	3e-06	0.333232	-0.90696	0	6.11249	2.26933	0
9.6	1	3e-06	0.638857	-0.793494	0	4.91965	3.7509	0
9.65	1	3e-06	0.884839	-0.605949	0	3.50359	4.72063	0
9.7	1	3e-06	1.06002	-0.369917	0	2.02503	5.23661	0
9.75	1	3e-06	1.16127	-0.108087	0	0.580107	5.3711	0
9.8	1	3e-06	1.19028	0.160468	0	-0.776021	5.18827	0
9.85	1	3e-06	1.15147	0.419882	0	-2.01053	4.73811	0
9.9	1	3e-06	1.05095	0.656787	0	-3.10042	4.05699	0
9.95	1	3e-06	0.895927	0.859637	0	-4.02431	3.17052	0
10	1	3e-06	0.694711	1.01816	0	-4.75659	2.0973	0
10.05	1	3e-06	0.456882	1.12303	0	-5.26263	0.853429	0
10.1	1	3e-06	0.19375	1.1657	0	-5.49441	-0.541026	0
10.15	1	3e-06	-0.0809702	1.13865	0	-5.38696	-2.05203	0
10.2	1	3e-06	-0.350318	1.03605	0	-4.85835	-3.61535	0
10.25	1	3e-06	-0.593236	0.855279	0	-3.81997	-5.1124	0
10.3	1	3e-06	-0.784234	0.599658	0	-2.21108	-6.34263	0
10.35	1	3e-06	-0.894788	0.282527	0	-0.0732152	-7.01766	0
10.4	1	3e-06	-0.898449	-0.0683559	0	2.35107	-6.83321	0
10.45	1	3e-06	-0.780896	-0.410016	0	4.59767	-5.65361	0
10.5	1	3e-06	-0.551012	-0.692697	0	6.16616	-3.68181	0
10.55	1	3e-06	-0.242704	-0.876787	0	6.80241	-1.38331	0
10.6	1	3e-06	0.0974163	-0.945953	0	6.5788	0.787982	0
10.65	1	3e-06	0.426356	-0.906554	0	5.74176	2.56777	0
10.7	1	3e-06	0.713444	-0.778165	0	4.5449	3.87321	0
10.75	1	3e-06	0.940689	-0.584505	0	3.17795	4.72258	0
10.8	1	3e-06	1.09959	-0.348376	0	1.76359	5.17068	0
10.85	1	3e-06	1.18777	-0.0898418	0	0.376351	5.27561	0
10.9	1	3e-06	1.20658	0.173939	0	-0.938316	5.08609	0
10.95	1	3e-06	1.15967	0.428243	0	-2.14998	4.63864	0
11	1	3e-06	1.05217	0.660175	0	-3.23369	3.95868	0
11.05	1	3e-06	0.890484	0.858109	0	-4.16311	3.06305	0
11.1	1	3e-06	0.682328	1.01126	0	-4.90497	1.96356	0
11.15	1	3e-06	0.43708	1.10944	0	-5.41382	0.671945	0
11.2	1	3e-06	0.166389	1.14304	0	-5.62694	-0.792084	0
11.25	1	3e-06	-0.114958	1.10343	0	-5.46075	-2.38725	0
11.3	1	3e-06	-0.387996	0.98407	0	-4.81368	-4.0284	0
11.35	1	3e-06	-0.62868	0.78265	0	-3.58706	-5.55544	0
11.4	1	3e-06	-0.808032	0.504878	0	-1.74306	-6.70761	0
11.45	1	3e-06	-0.895185	0.169497	0	0.593397	-7.15	0
11.5	1	3e-06	-0.865516	-0.188003	0	3.05233	-6.61589	0
11.55	1	3e-06	-0.712899	-0.518797	0	5.10544	-5.12178	0
11.6	1	3e-06	-0.457627	-0.774886	0	6.34485	-3.02312	0
11.65	1	3e-06	-0.140385	-0.926042	0	6.68211	-0.798441	0
11.7	1	3e-06	0.193721	-0.965964	0	6.28222	1.19554	0
11.75	1	3e-06	0.507832	-0.906187	0	5.38794	2.79132	0
11.8	1	3e-06	0.777228	-0.766621	0	4.20876	3.9544	0
11.85	1	3e-06	0.987666	-0.568901	0	2.89214	4.71278	0
11.9	1	3e-06	1.13227	-0.333262	0	1.53288	5.11285	0
11.95	1	3e-06	1.20892	-0.0776188	0	0.190556	5.19904	0
12	1	3e-06	1.21845	0.182333	0	-1.09559	5.00657	0
12.05	1	3e-06	1.16367	0.432662	0	-2.29598	4.56026	0
12.1	1	3e-06	1.04887	0.660675	0	-3.38291	3.87561	0
12.15	1	3e-06	0.879721	0.854455	0	-4.32437	2.96119	0
12.2	1	3e-06	0.663503	1.00251	0	-5.07816	1.82226	0
12.25	1	3e-06	0.409595	1.09363	0	-5.58581	0.466823	0
12.3	1	3e-06	0.130304	1.11697	0	-5.76667	-1.08357	0
12.35	1	3e-06	-0.158029	1.06279	0	-5.51521	-2.77475	0
12.4	1	3e-06	-0.43379	0.924053	0	-4.71024	-4.48948	0
12.45	1	3e-06	-0.669302	0.699579	0	-3.25451	-6.01106	0
12.5	1	3e-06	-0.832027	0.399026	0	-1.16427	-7.0135	0
12.55	1	3e-06	-0.890241	0.0483507	0	1.31542	-7.14818	0
12.6	1	3e-06	-0.82447	-0.309058	0	3.69953	-6.25448	0
12.65	1	3e-06	-0.639493	-0.621782	0	5.47843	-4.52484	0
12.7	1	3e-06	-0.365572	-0.848024	0	6.39474	-2.39927	0
12.75	1	3e-06	-0.0458345	-0.967988	0	6.49416	-0.299694	0
12.8	1	3e-06	0.278873	-0.982973	0	5.97812	1.51924	0
12.85	1	3e-06	0.577779	-0.90701	0	5.0611	2.95879	0
12.9	1	3e-06	0.830834	-0.759071	0	3.91044	4.01006	0
12.95	1	3e-06	1.02636	-0.558568	0	2.64064	4.70112	0
13	1	3e-06	1.15839	-0.323512	0	1.32633	5.06818	0
13.05	1	3e-06	1.2247	-0.0701032	0	0.0167432	5.14314	0
13.1	1	3e-06	1.22554	0.187054	0	-1.25287	4.94936	0
13.15	1	3e-06	1.1629	0.434522	0	-2.45267	4.50105	0
13.2	1	3e-06	1.04027	0.659574	0	-3.55146	3.80437	0
13.25	1	3e-06	0.862692	0.849792	0	-4.51044	2.85972	0
13.3	1	3e-06	0.63717	0.992778	0	-5.2766	1.66597	0
13.35	1	3e-06	0.37334	1.07608	0	-5.77532	0.228498	0
13.4	1	3e-06	0.0845742	1.0875	0	-5.90396	-1.42553	0
13.45	1	3e-06	-0.210624	1.01623	0	-5.53202	-3.22005	0
13.5	1	3e-06	-0.487225	0.855223	0	-4.52344	-4.99041	0
13.55	1	3e-06	-0.713396	0.605702	0	-2.80535	-6.44914	0
13.6	1	3e-06	-0.853664	0.283245	0	-0.489456	-7.21755	0
13.65	1	3e-06	-0.878137	-0.0776324	0	2.04062	-6.99388	0
13.7	1	3e-06	-0.776106	-0.427326	0	4.24349	-5.78097	0
13.75	1	3e-06	-0.563931	-0.716375	0	5.71238	-3.91501	0
13.8	1	3e-06	-0.278312	-0.912125	0	6.34583	-1.83899	0
13.85	1	3e-06	0.0389796	-1.00407	0	6.26999	0.114524	0
13.9	1	3e-06	0.352479	-0.998348	0	5.68373	1.77502	0
13.95	1	3e-06	0.636666	-0.909598	0	4.7655	3.08688	0
14	1	3e-06	0.874941	-0.755254	0	3.64701	4.05237	0
14.05	1	3e-06	1.05729	-0.552635	0	2.41789	4.69481	0
14.1	1	3e-06	1.17819	-0.317894	0	1.13815	5.04011	0
14.15	1	3e-06	1.23509	-0.0658889	0	-0.150333	5.10885	0
14.2	1	3e-06	1.22758	0.189554	0	-1.41473	4.91361	0
14.25	1	3e-06	1.15684	0.435234	0	-2.62405	4.45863	0
14.3	1	3e-06	1.02564	0.658166	0	-3.74267	3.7408	0
14.35	1	3e-06	0.838505	0.845205	0	-4.72344	2.75219	0
14.4	1	3e-06	0.602332	0.982815	0	-5.49971	1.48556	0
14.45	1	3e-06	0.327347	1.05709	0	-5.97652	-0.0541881	0
14.5	1	3e-06	0.0285207	1.05438	0	-6.0245	-1.82779	0
14.55	1	3e-06	-0.272704	0.962994	0	-5.48759	-3.72376	0
14.6	1	3e-06	-0.547084	0.776806	0	-4.22853	-5.51151	0
14.65	1	3e-06	-0.75851	0.501231	0	-2.23615	-6.82809	0
14.7	1	3e-06	-0.870317	0.159826	0	0.243372	-7.28343	0
14.75	1	3e-06	-0.858149	-0.204345	0	2.71097	-6.69584	0
14.8	1	3e-06	-0.7226	-0.539137	0	4.65739	-5.2436	0
14.85	1	3e-06	-0.48973	-0.801317	0	5.82454	-3.33387	0
14.9	1	3e-06	-0.198504	-0.968011	0	6.23063	-1.35355	0
14.95	1	3e-06	0.113028	-1.03569	0	6.03333	0.454287	0
15	1	3e-06	0.414695	-1.01297	0	5.40913	1.97902	0
15.05	1	3e-06	0.685151	-0.914023	0	4.5018	3.18944	0
15.1	1	3e-06	0.910241	-0.75455	0	3.41468	4.09062	0
15.15	1	3e-06	1.08098	-0.550019	0	2.21873	4.69914	0
15.2	1	3e-06	1.19191	-0.315062	0	0.963147	5.03104	0
15.25	1	3e-06	1.24007	-0.0635102	0	-0.315444	5.09652	0
15.3	1	3e-06	1.2243	0.191316	0	-1.58555	4.89804	0
15.35	1	3e-06	1.14502	0.436218	0	-2.81417	4.42998	0
15.4	1	3e-06	1.00431	0.657717	0	-3.95994	3.67962	0
15.45	1	3e-06	0.806314	0.841698	0	-4.96501	2.63044	0
15.5	1	3e-06	0.558063	0.97322	0	-5.74518	1.26989	0
15.55	1	3e-06	0.270804	1.03671	0	-6.1797	-0.393569	0
15.6	1	3e-06	-0.0381807	1.01704	0	-6.10821	-2.29789	0
15.65	1	3e-06	-0.343591	0.902142	0	-5.35432	-4.27732	0
15.7	1	3e-06	-0.611307	0.688276	0	-3.80749	-6.0189	0
15.75	1	3e-06	-0.801681	0.38733	0	-1.5654	-7.10217	0
15.8	1	3e-06	-0.879951	0.032222	0	0.978735	-7.19533	0
15.85	1	3e-06	-0.831014	-0.327544	0	3.28039	-6.28813	0
15.9	1	3e-06	-0.666995	-0.641951	0	4.93995	-4.69088	0
15.95	1	3e-06	-0.419998	-0.876495	0	5.84293	-2.80646	0
16	1	3e-06	-0.127851	-1.01682	0	6.0774	-0.941687	0
16.05	1	3e-06	0.176019	-1.0639	0	5.80033	0.733004	0
16.1	1	3e-06	0.466035	-1.02725	0	5.15942	2.14571	0
16.15	1	3e-06	0.724006	-0.919966	0	4.2687	3.27752	0
16.2	1	3e-06	0.937441	-0.75609	0	3.20941	4.13188	0
16.25	1	3e-06	1.09791	-0.549496	0	2.03837	4.71798	0
16.3	1	3e-06	1.19983	-0.313597	0	0.796593	5.04254	0
16.35	1	3e-06	1.23966	-0.0614696	0	-0.483158	5.106	0
16.4	1	3e-06	1.2155	0.19383	0	-1.76981	4.90082	0
16.45	1	3e-06	1.12701	0.438872	0	-3.02728	4.41115	0
16.5	1	3e-06	0.975647	0.659429	0	-4.2066	3.61406	0
16.55	1	3e-06	0.765317	0.840132	0	-5.23583	2.48421	0
16.6	1	3e-06	0.503525	0.964343	0	-6.00781	1.00574	0
16.65	1	3e-06	0.203135	1.01463	0	-6.36971	-0.801899	0
16.7	1	3e-06	-0.11535	0.974535	0	-6.12878	-2.8374	0
16.75	1	3e-06	-0.421789	0.832665	0	-5.10496	-4.85854	0
16.8	1	3e-06	-0.677037	0.589738	0	-3.25866	-6.46677	0
16.85	1	3e-06	-0.83997	0.266399	0	-0.835592	-7.23526	0
16.9	1	3e-06	-0.88175	-0.0953636	0	1.65937	-6.96542	0
16.95	1	3e-06	-0.798781	-0.443635	0	3.72634	-5.81745	0
17	1	3e-06	-0.612464	-0.734507	0	5.10849	-4.15988	0
17.05	1	3e-06	-0.35704	-0.942501	0	5.79689	-2.34266	0
17.1	1	3e-06	-0.0671955	-1.05963	0	5.9077	-0.595216	0
17.15	1	3e-06	0.22819	-1.08939	0	5.58104	0.964286	0
17.2	1	3e-06	0.507242	-1.04118	0	4.93653	2.28723	0
17.25	1	3e-06	0.754068	-0.926819	0	4.06391	3.35976	0
17.3	1	3e-06	0.957264	-0.758831	0	3.02727	4.18152	0
17.35	1	3e-06	1.10863	-0.549755	0	1.8724	4.7542	0
17.4	1	3e-06	1.20225	-0.312045	0	0.633971	5.07564	0
17.45	1	3e-06	1.23395	-0.0582629	0	-0.658102	5.13665	0
17.5	1	3e-06	1.20104	0.198569	0	-1.97226	4.91938	0
17.55	1	3e-06	1.10243	0.444538	0	-3.2679	4.39693	0
17.6	1	3e-06	0.939033	0.664384	0	-4.4857	3.53531	0
17.65	1	3e-06	0.714748	0.84115	0	-5.53476	2.30073	0
17.7	1	3e-06	0.43801	0.956186	0	-6.27794	0.67834	0
17.75	1	3e-06	0.124113	0.990103	0	-6.52452	-1.28869	0
17.8	1	3e-06	-0.202113	0.925668	0	-6.05547	-3.43692	0
17.85	1	3e-06	-0.504886	0.753822	0	-4.72103	-5.42931	0
17.9	1	3e-06	-0.740938	0.482357	0	-2.60468	-6.80707	0
17.95	1	3e-06	-0.871172	0.142004	0	-0.104108	-7.21467	0
18	1	3e-06	-0.876377	-0.21873	0	2.24326	-6.6288	0
18.05	1	3e-06	-0.764214	-0.55017	0	4.0499	-5.32817	0
18.1	1	3e-06	-0.561719	-0.816579	0	5.18875	-3.67262	0
18.15	1	3e-06	-0.302281	-1.00021	0	5.71178	-1.94197	0
18.2	1	3e-06	-0.0166923	-1.09731	0	5.73671	-0.303185	0
18.25	1	3e-06	0.270143	-1.11247	0	5.38129	1.16044	0
18.3	1	3e-06	0.539208	-1.05445	0	4.74055	2.41345	0
18.35	1	3e-06	0.776235	-0.933773	0	3.88476	3.44293	0
18.4	1	3e-06	0.970473	-0.761627	0	2.86443	4.24367	0
18.45	1	3e-06	1.11369	-0.549443	0	1.71659	4.80996	0
18.5	1	3e-06	1.19952	-0.308945	0	0.470724	5.13084	0
18.55	1	3e-06	1.22306	-0.0524024	0	-0.845225	5.18723	0
18.6	1	3e-06	1.1808	0.206959	0	-2.19813	4.9501	0
18.65	1	3e-06	1.07089	0.454464	0	-3.54077	4.38031	0
18.7	1	3e-06	0.893854	0.67348	0	-4.79942	3.43198	0
18.75	1	3e-06	0.653883	0.845079	0	-5.85743	2.06461	0
18.8	1	3e-06	0.361012	0.948309	0	-6.53951	0.27291	0
18.85	1	3e-06	0.0340363	0.961954	0	-6.61484	-1.85624	0
18.9	1	3e-06	-0.296706	0.869143	0	-5.85876	-4.07105	0
18.95	1	3e-06	-0.589644	0.66559	0	-4.20333	-5.9397	0
19	1	3e-06	-0.79981	0.368605	0	-1.89186	-7.00497	0
19.05	1	3e-06	-0.894403	0.0183567	0	0.574115	-7.05559	0
19.1	1	3e-06	-0.865698	-0.334423	0	2.71201	-6.22971	0
19.15	1	3e-06	-0.730097	-0.645908	0	4.26784	-4.85329	0
19.2	1	3e-06	-0.516705	-0.888572	0	5.207	-3.23822	0
19.25	1	3e-06	-0.256355	-1.05048	0	5.60724	-1.59813	0
19.3	1	3e-06	0.0240066	-1.13039	0	5.57445	-0.0543735	0
19.35	1	3e-06	0.302729	-1.13311	0	5.20407	1.33198	0
19.4	1	3e-06	0.562933	-1.06651	0	4.5705	2.5323	0
19.45	1	3e-06	0.791458	-0.939895	0	3.72838	3.53236	0
19.5	1	3e-06	0.977877	-0.763277	0	2.71721	4.32162	0
19.55	1	3e-06	1.11374	-0.547196	0	1.56667	4.8869	0
19.6	1	3e-06	1.19207	-0.302851	0	0.301991	5.2082	0
19.65	1	3e-06	1.20717	-0.0424411	0	-1.05004	5.25573	0
19.7	1	3e-06	1.15467	0.220346	0	-2.45323	4.98796	0
19.75	1	3e-06	1.03201	0.469744	0	-3.85057	4.35193	0
19.8	1	3e-06	0.839478	0.68734	0	-5.14801	3.28962	0
19.85	1	3e-06	0.582078	0.851821	0	-6.19428	1.75849	0
19.9	1	3e-06	0.272364	0.939746	0	-6.76827	-0.221963	0
19.95	1	3e-06	-0.0660497	0.928648	0	-6.6067	-2.49361	0
20	1	3e-06	-0.396385	0.803967	0	-5.52032	-4.69705	0
20.05	1	3e-06	-0.672401	0.569115	0	-3.57875	-6.34038	0
20.1	1	3e-06	-0.851339	0.252096	0	-1.17787	-7.05132	0
20.15	1	3e-06	-0.910232	-0.100471	0	1.1617	-6.79308	0
20.2	1	3e-06	-0.852147	-0.440125	0	3.06829	-5.80835	0
20.25	1	3e-06	-0.698733	-0.730542	0	4.4034	-4.41246	0
20.3	1	3e-06	-0.478563	-0.951165	0	5.18593	-2.85715	0
20.35	1	3e-06	-0.219267	-1.09402	0	5.49751	-1.30254	0
20.4	1	3e-06	0.0556087	-1.15915	0	5.42727	0.161497	0
20.45	1	3e-06	0.326972	-1.15108	0	5.05058	1.48758	0
20.5	1	3e-06	0.579501	-1.0767	0	4.42486	2.65015	0
20.55	1	3e-06	0.800745	-0.944188	0	3.59186	3.63237	0
20.6	1	3e-06	0.980338	-0.76257	0	2.58183	4.41804	0
20.65	1	3e-06	1.10943	-0.541668	0	1.4181	4.98622	0
20.7	1	3e-06	1.18033	-0.292357	0	0.122324	5.30717	0
20.75	1	3e-06	1.18645	-0.0269981	0	-1.27885	5.33906	0
20.8	1	3e-06	1.12251	0.239955	0	-2.74387	5.02588	0
20.85	1	3e-06	0.985315	0.491249	0	-4.2012	4.2993	0
20.9	1	3e-06	0.775254	0.706214	0	-5.52808	3.09059	0
20.95	1	3e-06	0.498851	0.860744	0	-6.52813	1.36504	0
21	1	3e-06	0.172444	0.928996	0	-6.93165	-0.808828	0
21.05	1	3e-06	-0.174139	0.888554	0	-6.46861	-3.17153	0
21.1	1	3e-06	-0.497569	0.729978	0	-5.04408	-5.26144	0
21.15	1	3e-06	-0.749773	0.466906	0	-2.89633	-6.59891	0
21.2	1	3e-06	-0.89459	0.13696	0	-0.514074	-6.96363	0
21.25	1	3e-06	-0.920294	-0.211221	0	1.64384	-6.46836	0
21.3	1	3e-06	-0.838102	-0.534639	0	3.32777	-5.39415	0
21.35	1	3e-06	-0.671713	-0.804347	0	4.47992	-4.0145	0
21.4	1	3e-06	-0.447717	-1.00507	0	5.14339	-2.52509	0
21.45	1	3e-06	-0.190548	-1.13133	0	5.39247	-1.04622	0
21.5	1	3e-06	0.0790758	-1.18364	0	5.29897	0.353344	0
21.55	1	3e-06	0.344024	-1.16597	0	4.92098	1.63443	0
21.6	1	3e-06	0.590074	-1.08425	0	4.30175	2.77225	0
21.65	1	3e-06	0.805161	-0.945636	0	3.47215	3.74659	0
21.7	1	3e-06	0.978769	-0.758307	0	2.45429	4.53518	0
21.75	1	3e-06	1.10148	-0.531548	0	1.2658	5.10872	0
21.8	1	3e-06	1.16477	-0.276112	0	-0.0745869	5.42646	0
21.85	1	3e-06	1.16104	-0.00478892	0	-1.53886	5.4325	0
21.9	1	3e-06	1.0841	0.266836	0	-3.07656	5.05401	0
21.95	1	3e-06	0.930273	0.519537	0	-4.59452	4.20627	0
22	1	3e-06	0.700547	0.72985	0	-5.93009	2.81483	0
22.05	1	3e-06	0.404042	0.870591	0	-6.83216	0.871135	0
22.1	1	3e-06	0.0624343	0.914148	0	-6.99237	-1.47452	0
22.15	1	3e-06	-0.287184	0.840422	0	-6.18317	-3.84257	0
22.2	1	3e-06	-0.596343	0.648294	0	-4.46087	-5.71491	0
22.25	1	3e-06	-0.819386	0.362548	0	-2.21244	-6.70976	0
22.3	1	3e-06	-0.930009	0.0270603	0	0.0668723	-6.77608	0
22.35	1	3e-06	-0.926665	-0.311744	0	2.02409	-6.11764	0
22.4	1	3e-06	-0.82546	-0.617626	0	3.51112	-5.00501	0
22.45	1	3e-06	-0.649904	-0.867876	0	4.51759	-3.66099	0
22.5	1	3e-06	-0.424025	-1.05093	0	5.0927	-2.23561	0
22.55	1	3e-06	-0.16939	-1.16271	0	5.29882	-0.820767	0
22.6	1	3e-06	0.0955509	-1.20374	0	5.1917	0.528722	0
22.65	1	3e-06	0.355136	-1.17731	0	4.81472	1.77845	0
22.7	1	3e-06	0.595872	-1.08839	0	4.19904	2.90301	0
22.75	1	3e-06	0.805824	-0.943235	0	3.36595	3.87816	0
22.8	1	3e-06	0.974122	-0.749327	0	2.33009	4.67498	0
22.85	1	3e-06	1.09063	-0.515578	0	1.10383	5.25468	0
22.9	1	3e-06	1.14582	-0.252844	0	-0.296167	5.56361	0
22.95	1	3e-06	1.13101	0.0253365	0	-1.83812	5.52907	0
23	1	3e-06	1.0391	0.30179	0	-3.45716	5.05885	0
23.05	1	3e-06	0.866245	0.554732	0	-5.02816	4.0528	0
23.1	1	3e-06	0.614837	0.757373	0	-6.33548	2.44241	0
23.15	1	3e-06	0.298063	0.879493	0	-7.07018	0.27452	0
23.2	1	3e-06	-0.0554459	0.893219	0	-6.91749	-2.18533	0
23.25	1	3e-06	-0.40132	0.783952	0	-5.75783	-4.45065	0
23.3	1	3e-06	-0.689212	0.56142	0	-3.82108	-6.02829	0
23.35	1	3e-06	-0.880266	0.260006	0	-1.57404	-6.692	0
23.4	1	3e-06	-0.958968	-0.0745946	0	0.553079	-6.52654	0
23.45	1	3e-06	-0.931314	-0.400922	0	2.31661	-5.76736	0
23.5	1	3e-06	-0.815483	-0.68929	0	3.63885	-4.64973	0
23.55	1	3e-06	-0.633541	-0.921776	0	4.53256	-3.34942	0
23.6	1	3e-06	-0.406913	-1.08925	0	5.04347	-1.98178	0
23.65	1	3e-06	-0.154739	-1.18834	0	5.22096	-0.61877	0
23.7	1	3e-06	0.106309	-1.21927	0	5.1065	0.694014	0
23.75	1	3e-06	0.361634	-1.18457	0	4.73078	1.92473	0
23.8	1	3e-06	0.598172	-1.08834	0	4.11431	3.04634	0
23.85	1	3e-06	0.803888	-0.93602	0	3.26953	4.02998	0
23.9	1	3e-06	0.967365	-0.734521	0	2.20394	4.83909	0
23.95	1	3e-06	1.07756	-0.492567	0	0.925049	5.42368	0
24	1	3e-06	1.12381	-0.221383	0	-0.551131	5.71448	0
24.05	1	3e-06	1.09626	0.0643412	0	-2.18518	5.61857	0
24.1	1	3e-06	0.986998	0.34527	0	-3.88926	5.02245	0
24.15	1	3e-06	0.792535	0.596393	0	-5.49247	3.81602	0
24.2	1	3e-06	0.517912	0.787194	0	-6.71437	1.95881	0
24.25	1	3e-06	0.182193	0.885134	0	-7.20168	-0.408634	0
24.3	1	3e-06	-0.177891	0.864702	0	-6.69131	-2.88944	0
24.35	1	3e-06	-0.512457	0.72023	0	-5.2267	-4.94788	0
24.4	1	3e-06	-0.773791	0.472836	0	-3.17843	-6.1995	0
24.45	1	3e-06	-0.932713	0.162861	0	-1.00938	-6.57824	0
24.5	1	3e-06	-0.983182	-0.166051	0	0.948289	-6.24761	0
24.55	1	3e-06	-0.935768	-0.478431	0	2.53945	-5.43409	0
24.6	1	3e-06	-0.808795	-0.750136	0	3.72881	-4.331	0
24.65	1	3e-06	-0.622355	-0.966686	0	4.53719	-3.07536	0
24.7	1	3e-06	-0.395495	-1.12045	0	5.00255	-1.75696	0
24.75	1	3e-06	-0.145368	-1.2083	0	5.16174	-0.433782	0
24.8	1	3e-06	0.11272	-1.22999	0	5.04366	0.854699	0
24.85	1	3e-06	0.364903	-1.18726	0	4.66776	2.07773	0
24.9	1	3e-06	0.598291	-1.08337	0	4.04474	3.20589	0
24.95	1	3e-06	0.800528	-0.923074	0	3.17846	4.20478	0
25	1	3e-06	0.959451	-0.712835	0	2.06942	5.02876	0
25.05	1	3e-06	1.06292	-0.461398	0	0.720865	5.61414	0
25.1	1	3e-06	1.09896	-0.18069	0	-0.849445	5.87233	0
25.15	1	3e-06	1.05649	0.112926	0	-2.58803	5.6865	0
25.2	1	3e-06	0.927091	0.397251	0	-4.37154	4.92228	0
25.25	1	3e-06	0.708514	0.643365	0	-5.96704	3.47348	0
25.3	1	3e-06	0.410162	0.817039	0	-7.02664	1.36277	0
25.35	1	3e-06	0.0588298	0.885178	0	-7.19297	-1.13987	0
25.4	1	3e-06	-0.300819	0.828184	0	-6.32497	-3.52957	0
25.45	1	3e-06	-0.617067	0.651706	0	-4.64008	-5.30904	0
25.5	1	3e-06	-0.849071	0.386254	0	-2.57513	-6.24841	0
25.55	1	3e-06	-0.977828	0.0738332	0	-0.528208	-6.40297	0
25.6	1	3e-06	-1.00424	-0.246315	0	1.26487	-5.96317	0
25.65	1	3e-06	-0.940995	-0.544474	0	2.71042	-5.12675	0
25.7	1	3e-06	-0.805474	-0.800811	0	3.79548	-4.04798	0
25.75	1	3e-06	-0.6157	-1.00321	0	4.54069	-2.83374	0
25.8	1	3e-06	-0.388665	-1.1449	0	4.97475	-1.55512	0
25.85	1	3e-06	-0.139927	-1.22265	0	5.12295	-0.260186	0
25.9	1	3e-06	0.11622	-1.23566	0	5.00295	1.01564	0
25.95	1	3e-06	0.366368	-1.18488	0	4.62386	2.24167	0
26	1	3e-06	0.597561	-1.0728	0	3.98689	3.38522	0
26.05	1	3e-06	0.796906	-0.903535	0	3.08731	4.40517	0
26.1	1	3e-06	0.951271	-0.683277	0	1.9186	5.24463	0
26.15	1	3e-06	1.0472	-0.421045	0	0.480956	5.82266	0
26.2	1	3e-06	1.07125	-0.129912	0	-1.20187	6.02674	0
26.25	1	3e-06	1.01116	0.171425	0	-3.05213	5.71306	0
26.3	1	3e-06	0.858549	0.457077	0	-4.89392	4.73252	0
26.35	1	3e-06	0.613853	0.693703	0	-6.41844	3.00969	0
26.4	1	3e-06	0.292931	0.844188	0	-7.22887	0.674145	0
26.45	1	3e-06	-0.0685126	0.877895	0	-7.0308	-1.86384	0
26.5	1	3e-06	-0.420053	0.784703	0	-5.85488	-4.06059	0
26.55	1	3e-06	-0.712796	0.581673	0	-4.04806	-5.53503	0
26.6	1	3e-06	-0.915199	0.304922	0	-2.03562	-6.20553	0
26.65	1	3e-06	-1.01698	-0.00535457	0	-0.12714	-6.19548	0
26.7	1	3e-06	-1.02334	-0.315129	0	1.51827	-5.68879	0
26.75	1	3e-06	-0.947424	-0.599568	0	2.84512	-4.8491	0
26.8	1	3e-06	-0.805168	-0.842023	0	3.8502	-3.79801	0
26.85	1	3e-06	-0.612658	-1.03192	0	4.54989	-2.6195	0
26.9	1	3e-06	-0.385163	-1.1629	0	4.96346	-1.37085	0
26.95	1	3e-06	-0.13699	-1.23144	0	5.10561	-0.0929752	0
27	1	3e-06	0.11829	-1.23609	0	4.98366	1.18138	0
27.05	1	3e-06	0.367474	-1.17702	0	4.59675	2.42066	0
27.1	1	3e-06	0.597311	-1.05599	0	3.93649	3.58794	0
27.15	1	3e-06	0.794135	-0.876591	0	2.98923	4.63356	0
27.2	1	3e-06	0.943597	-0.644913	0	1.74168	5.48621	0
27.25	1	3e-06	1.03068	-0.370603	0	0.193314	6.04296	0
27.3	1	3e-06	1.04035	-0.0684547	0	-1.61869	6.16219	0
27.35	1	3e-06	0.959411	0.239655	0	-3.57704	5.673	0
27.4	1	3e-06	0.780559	0.523305	0	-5.43358	4.42833	0
27.45	1	3e-06	0.50888	0.744722	0	-6.80243	2.4251	0
27.5	1	3e-06	0.168759	0.865977	0	-7.28749	-0.0639624	0
27.55	1	3e-06	-0.195616	0.862779	0	-6.72981	-2.52363	0
27.6	1	3e-06	-0.532106	0.736597	0	-5.32995	-4.46146	0
27.65	1	3e-06	-0.798604	0.513524	0	-3.4882	-5.64576	0
27.7	1	3e-06	-0.973014	0.231236	0	-1.56821	-6.10204	0
27.75	1	3e-06	-1.05142	-0.0738657	0	0.204213	-5.97752	0
27.8	1	3e-06	-1.04121	-0.372742	0	1.7237	-5.43357	0
27.85	1	3e-06	-0.955029	-0.64442	0	2.95642	-4.60177	0
27.9	1	3e-06	-0.807208	-0.874509	0	3.9017	-3.57768	0
27.95	1	3e-06	-0.612123	-1.05339	0	4.56984	-2.42788	0
28	1	3e-06	-0.383631	-1.17479	0	4.97104	-1.1993	0
28.05	1	3e-06	-0.135079	-1.23475	0	5.11017	0.0725079	0
28.1	1	3e-06	0.12043	-1.23113	0	4.98458	1.35638	0
28.15	1	3e-06	0.369659	-1.16331	0	4.58337	2.619	0
28.2	1	3e-06	0.598827	-1.03236	0	3.88801	3.81776	0
28.25	1	3e-06	0.793228	-0.841469	0	2.87552	4.89184	0
28.3	1	3e-06	0.937004	-0.596877	0	1.52664	5.75108	0
28.35	1	3e-06	1.01334	-0.309323	0	-0.155205	6.26447	0
28.4	1	3e-06	1.00558	0.00389998	0	-2.10725	6.2569	0
28.45	1	3e-06	0.900213	0.316745	0	-4.15183	5.5375	0
28.5	1	3e-06	0.692621	0.59362	0	-5.95301	3.99378	0
28.55	1	3e-06	0.394971	0.793309	0	-7.07324	1.74377	0
28.6	1	3e-06	0.0413088	0.880497	0	-7.1923	-0.793939	0
28.65	1	3e-06	-0.318306	0.8408	0	-6.32764	-3.07792	0
28.7	1	3e-06	-0.634688	0.686904	0	-4.7961	-4.73546	0
28.75	1	3e-06	-0.874493	0.450131	0	-2.98181	-5.66933	0
28.8	1	3e-06	-1.02358	0.166665	0	-1.17032	-5.96429	0
28.85	1	3e-06	-1.0821	-0.13155	0	0.478745	-5.76381	0
28.9	1	3e-06	-1.05816	-0.41974	0	1.89464	-5.20217	0
28.95	1	3e-06	-0.963431	-0.679849	0	3.0546	-4.38364	0
29	1	3e-06	-0.810701	-0.899031	0	3.95662	-3.38334	0
29.05	1	3e-06	-0.61287	-1.0682	0	4.60431	-2.25446	0
29.1	1	3e-06	-0.382655	-1.18092	0	4.99916	-1.0359	0
29.15	1	3e-06	-0.132697	-1.23272	0	5.13659	0.240831	0
29.2	1	3e-06	0.124133	-1.22067	0	5.00394	1.54528	0
29.25	1	3e-06	0.374329	-1.14341	0	4.57966	2.84127	0
29.3	1	3e-06	0.603312	-1.00135	0	3.83429	4.07839	0
29.35	1	3e-06	0.795027	-0.797427	0	2.73515	5.18085	0
29.4	1	3e-06	0.931784	-0.538385	0	1.25932	6.03359	0
29.45	1	3e-06	0.99475	-0.236705	0	-0.577315	6.47062	0
29.5	1	3e-06	0.965885	0.0868257	0	-2.66775	6.28271	0
29.55	1	3e-06	0.832497	0.400961	0	-4.75062	5.27952	0
29.6	1	3e-06	0.594966	0.664937	0	-6.40391	3.4318	0
29.65	1	3e-06	0.274771	0.836527	0	-7.19845	1.01286	0
29.7	1	3e-06	-0.0851515	0.88717	0	-6.96102	-1.46081	0
29.75	1	3e-06	-0.433203	0.814129	0	-5.87076	-3.50978	0
29.8	1	3e-06	-0.72674	0.638641	0	-4.28665	-4.90185	0
29.85	1	3e-06	-0.941073	0.393548	0	-2.53643	-5.63378	0
29.9	1	3e-06	-1.06789	0.111859	0	-0.833629	-5.81214	0
29.95	1	3e-06	-1.10958	-0.178748	0	0.709227	-5.56359	0
30	1	3e-06	-1.07411	-0.456927	0	2.04236	-4.99648	0
30.05	1	3e-06	-0.971996	-0.706751	0	3.14776	-4.19273	0
30.1	1	3e-06	-0.814608	-0.916388	0	4.0201	-3.21139	0
30.15	1	3e-06	-0.613603	-1.07696	0	4.65614	-2.09506	0
30.2	1	3e-06	-0.380796	-1.18171	0	5.04891	-0.87621	0
30.25	1	3e-06	-0.128351	-1.22552	0	5.18432	0.41674	0
30.3	1	3e-06	0.130865	-1.20468	0	5.03914	1.75316	0
30.35	1	3e-06	0.382822	-1.11703	0	4.58016	3.0924	0
30.4	1	3e-06	0.61183	-0.962406	0	3.7659	4.37323	0
30.45	1	3e-06	0.800126	-0.743745	0	2.55438	5.49938	0
30.5	1	3e-06	0.927844	-0.468776	0	0.924031	6.32308	0
30.55	1	3e-06	0.974046	-0.152622	0	-1.08215	6.63743	0
30.6	1	3e-06	0.919938	0.17925	0	-3.2878	6.20766	0
30.65	1	3e-06	0.755548	0.489633	0	-5.33136	4.88333	0
30.7	1	3e-06	0.48898	0.733799	0	-6.73909	2.77079	0
30.75	1	3e-06	0.152026	0.872339	0	-7.1713	0.290695	0
30.8	1	3e-06	-0.20654	0.886873	0	-6.63137	-2.02777	0
30.85	1	3e-06	-0.538108	0.785485	0	-5.40078	-3.82408	0
30.9	1	3e-06	-0.808147	0.594281	0	-3.82045	-4.98619	0
30.95	1	3e-06	-0.99917	0.344972	0	-2.15056	-5.56274	0
31	1	3e-06	-1.1067	0.0668347	0	-0.547684	-5.65954	0
31.05	1	3e-06	-1.13408	-0.216142	0	0.907097	-5.38227	0
31.1	1	3e-06	-1.08873	-0.485256	0	2.17606	-4.81668	0
31.15	1	3e-06	-0.979924	-0.72609	0	3.2423	-4.02664	0
31.2	1	3e-06	-0.817809	-0.927422	0	4.09619	-3.05829	0
31.25	1	3e-06	-0.612999	-1.08034	0	4.72757	-1.94558	0
31.3	1	3e-06	-0.376621	-1.17762	0	5.12092	-0.715639	0
31.35	1	3e-06	-0.120575	-1.2134	0	5.25219	0.605422	0
31.4	1	3e-06	0.142035	-1.18313	0	5.0865	1.98563	0
31.45	1	3e-06	0.39636	-1.08384	0	4.57746	3.3776	0
31.5	1	3e-06	0.625233	-0.914964	0	3.67061	4.70468	0
31.55	1	3e-06	0.808764	-0.679731	0	2.31674	5.84255	0
31.6	1	3e-06	0.924601	-0.387603	0	0.505588	6.6018	0
31.65	1	3e-06	0.94988	-0.0575132	0	-1.67016	6.73354	0
31.7	1	3e-06	0.866372	0.279164	0	-3.93777	6.00287	0
31.75	1	3e-06	0.669484	0.579307	0	-5.84217	4.35498	0
31.8	1	3e-06	0.377375	0.797056	0	-6.92829	2.06099	0
31.85	1	3e-06	0.0309608	0.900106	0	-7.01194	-0.371058	0
31.9	1	3e-06	-0.319636	0.881553	0	-6.24674	-2.48149	0
31.95	1	3e-06	-0.631973	0.757479	0	-4.94732	-4.03896	0
32	1	3e-06	-0.879339	0.55553	0	-3.40478	-5.01347	0
32.05	1	3e-06	-1.04958	0.304857	0	-1.81793	-5.47438	0
32.1	1	3e-06	-1.14047	0.0311377	0	-0.302016	-5.51577	0
32.15	1	3e-06	-1.15557	-0.244651	0	1.08209	-5.22274	0
32.2	1	3e-06	-1.10147	-0.505788	0	2.30317	-4.66203	0
32.25	1	3e-06	-0.986312	-0.738889	0	3.34335	-3.88279	0
32.3	1	3e-06	-0.819145	-0.933028	0	4.18815	-2.92053	0
32.35	1	3e-06	-0.609737	-1.07905	0	4.82031	-1.80179	0
32.4	1	3e-06	-0.368721	-1.16914	0	5.21536	-0.549159	0
32.45	1	3e-06	-0.107953	-1.1966	0	5.33823	0.812754	0
32.5	1	3e-06	0.158959	-1.15596	0	5.14073	2.24903	0
32.55	1	3e-06	0.415995	-1.04351	0	4.56151	3.70199	0
32.6	1	3e-06	0.64407	-0.858414	0	3.53289	5.07292	0
32.65	1	3e-06	0.820715	-0.604768	0	2.00392	6.19959	0
32.7	1	3e-06	0.920911	-0.294788	0	-0.00678019	6.84323	0
32.75	1	3e-06	0.920572	0.0473733	0	-2.3268	6.72384	0
32.8	1	3e-06	0.804231	0.383565	0	-4.57096	5.65352	0
32.85	1	3e-06	0.575684	0.666241	0	-6.23559	3.72703	0
32.9	1	3e-06	0.263904	0.852593	0	-6.96833	1.35979	0
32.95	1	3e-06	-0.0845124	0.920582	0	-6.75718	-0.940263	0
33	1	3e-06	-0.422371	0.873569	0	-5.84458	-2.82774	0
33.05	1	3e-06	-0.7146	0.732182	0	-4.52744	-4.17729	0
33.1	1	3e-06	-0.940972	0.523317	0	-3.03938	-5.00487	0
33.15	1	3e-06	-1.09294	0.273074	0	-1.53039	-5.38189	0
33.2	1	3e-06	-1.16946	0.00397938	0	-0.0871048	-5.3868	0
33.25	1	3e-06	-1.17382	-0.265361	0	1.24231	-5.08627	0
33.3	1	3e-06	-1.1117	-0.519674	0	2.42973	-4.53119	0
33.35	1	3e-06	-0.990213	-0.746234	0	3.45511	-3.75846	0
33.4	1	3e-06	-0.817458	-0.934157	0	4.29872	-2.79442	0
33.45	1	3e-06	-0.602522	-1.07388	0	4.93573	-1.65907	0
33.5	1	3e-06	-0.355736	-1.15683	0	5.33181	-0.371036	0
33.55	1	3e-06	-0.0891451	-1.17538	0	5.43925	1.04552	0
33.6	1	3e-06	0.182817	-1.12311	0	5.19432	2.55022	0
33.65	1	3e-06	0.442533	-0.995596	0	4.5189	4.06976	0
33.7	1	3e-06	0.668478	-0.792109	0	3.33387	5.47395	0
33.75	1	3e-06	0.835171	-0.518411	0	1.59821	6.55132	0
33.8	1	3e-06	0.915082	-0.190845	0	-0.613225	7.01252	0
33.85	1	3e-06	0.88442	0.159781	0	-3.01808	6.57806	0
33.9	1	3e-06	0.733516	0.488684	0	-5.13268	5.16927	0
33.95	1	3e-06	0.476882	0.747147	0	-6.48444	3.05142	0
34	1	3e-06	0.15266	0.899718	0	-6.88094	0.714589	0
34.05	1	3e-06	-0.191387	0.935448	0	-6.44696	-1.40659	0
34.1	1	3e-06	-0.513735	0.865118	0	-5.4514	-3.08311	0
34.15	1	3e-06	-0.786305	0.710963	0	-4.14847	-4.26119	0
34.2	1	3e-06	-0.993728	0.497903	0	-2.71996	-4.97694	0
34.25	1	3e-06	-1.12973	0.249056	0	-1.27961	-5.29447	0
34.3	1	3e-06	-1.19371	-0.0156673	0	0.105305	-5.2763	0
34.35	1	3e-06	-1.18844	-0.279482	0	1.39447	-4.97313	0
34.4	1	3e-06	-1.11872	-0.528139	0	2.56079	-4.42252	0
34.45	1	3e-06	-0.990678	-0.749264	0	3.58121	-3.65076	0
34.5	1	3e-06	-0.811618	-0.931802	0	4.43026	-2.67598	0
34.55	1	3e-06	-0.590105	-1.0656	0	5.07477	-1.51214	0
34.6	1	3e-06	-0.336366	-1.14121	0	5.46902	-0.174532	0
34.65	1	3e-06	-0.0629154	-1.14994	0	5.55033	1.31153	0
34.7	1	3e-06	0.214601	-1.08436	0	5.2367	2.89626	0
34.75	1	3e-06	0.476436	-0.939546	0	4.43224	4.48268	0
34.8	1	3e-06	0.698048	-0.715412	0	3.05246	5.89678	0
34.85	1	3e-06	0.850671	-0.420573	0	1.08751	6.86825	0
34.9	1	3e-06	0.905046	-0.07716	0	-1.29629	7.07149	0
34.95	1	3e-06	0.840232	0.276414	0	-3.69286	6.28308	0
35	1	3e-06	0.655589	0.590568	0	-5.57658	4.58618	0
35.05	1	3e-06	0.37676	0.819877	0	-6.58896	2.38313	0
35.1	1	3e-06	0.0473119	0.939033	0	-6.70131	0.15307	0
35.15	1	3e-06	-0.287754	0.946687	0	-6.11495	-1.77601	0
35.2	1	3e-06	-0.593502	0.857886	0	-5.08295	-3.26773	0
35.25	1	3e-06	-0.847649	0.6945	0	-3.81144	-4.30951	0
35.3	1	3e-06	-1.03822	0.479024	0	-2.44049	-4.94205	0
35.35	1	3e-06	-1.16025	0.231922	0	-1.05786	-5.21843	0
35.4	1	3e-06	-1.21314	-0.0289999	0	0.282242	-5.18639	0
35.45	1	3e-06	-1.19903	-0.28832	0	1.54422	-4.88294	0
35.5	1	3e-06	-1.12182	-0.532466	0	2.70068	-4.33403	0
35.55	1	3e-06	-0.986781	-0.749168	0	3.7249	-3.55644	0
35.6	1	3e-06	-0.800537	-0.92699	0	4.5849	-2.56059	0
35.65	1	3e-06	-0.571292	-1.05502	0	5.23788	-1.35472	0
35.7	1	3e-06	-0.309398	-1.12275	0	5.62452	0.0483493	0
35.75	1	3e-06	-0.0281715	-1.12034	0	5.66403	1.61951	0
35.8	1	3e-06	0.25503	-1.03936	0	5.25332	3.29333	0
35.85	1	3e-06	0.517696	-0.874695	0	4.28015	4.9376	0
35.9	1	3e-06	0.731703	-0.627815	0	2.66853	6.3204	0
35.95	1	3e-06	0.86513	-0.311795	0	0.47263	7.11181	0
36	1	3e-06	0.888761	0.0437949	0	-2.01726	6.98911	0
36.05	1	3e-06	0.787899	0.393251	0	-4.2949	5.85231	0
36.1	1	3e-06	0.573154	0.685866	0	-5.87924	3.95641	0
36.15	1	3e-06	0.279192	0.883687	0	-6.57164	1.76485	0
36.2	1	3e-06	-0.0493903	0.971929	0	-6.46586	-0.316665	0
36.25	1	3e-06	-0.372683	0.956096	0	-5.78506	-2.06322	0
36.3	1	3e-06	-0.661936	0.852935	0	-4.74684	-3.40101	0
36.35	1	3e-06	-0.899279	0.682885	0	-3.5139	-4.33726	0
36.4	1	3e-06	-1.07497	0.466022	0	-2.19461	-4.90921	0
36.45	1	3e-06	-1.1847	0.220561	0	-0.858277	-5.158	0
36.5	1	3e-06	-1.22762	-0.0373384	0	0.449703	-5.11821	0
36.55	1	3e-06	-1.20513	-0.293249	0	1.69647	-4.81483	0
36.6	1	3e-06	-1.12031	-0.533991	0	2.85335	-4.26341	0
36.65	1	3e-06	-0.977642	-0.747161	0	3.88922	-3.47175	0
36.7	1	3e-06	-0.783181	-0.920749	0	4.7645	-2.44272	0
36.75	1	3e-06	-0.544956	-1.04288	0	5.42476	-1.17919	0
36.8	1	3e-06	-0.273718	-1.10184	0	5.79396	0.307023	0
36.85	1	3e-06	0.0159799	-1.08649	0	5.76937	1.97863	0
36.9	1	3e-06	0.304449	-0.987561	0	5.22486	3.74491	0
36.95	1	3e-06	0.565692	-0.800316	0	4.03867	5.42308	0
37	1	3e-06	0.767625	-0.529162	0	2.16905	6.7119	0
37.05	1	3e-06	0.876077	-0.193567	0	-0.225344	7.24094	0
37.1	1	3e-06	0.86481	0.16848	0	-2.72121	6.7547	0
37.15	1	3e-06	0.72875	0.506215	0	-4.78029	5.32439	0
37.2	1	3e-06	0.489735	0.772434	0	-6.04385	3.33144	0
37.25	1	3e-06	0.187542	0.939006	0	-6.46549	1.22032	0
37.3	1	3e-06	-0.135732	1.00002	0	-6.20482	-0.700193	0
37.35	1	3e-06	-0.445973	0.965013	0	-5.4721	-2.28568	0
37.4	1	3e-06	-0.719578	0.850729	0	-4.44534	-3.49958	0
37.45	1	3e-06	-0.941845	0.675749	0	-3.25176	-4.35595	0
37.5	1	3e-06	-1.10443	0.457952	0	-1.97621	-4.88485	0
37.55	1	3e-06	-1.20324	0.21371	0	-0.674873	-5.11598	0
37.6	1	3e-06	-1.23699	-0.0420896	0	0.612919	-5.07216	0
37.65	1	3e-06	-1.20634	-0.295698	0	1.85566	-4.76755	0
37.7	1	3e-06	-1.11356	-0.534075	0	3.02255	-4.20789	0
37.75	1	3e-06	-0.962431	-0.74447	0	4.07714	-3.39213	0
37.8	1	3e-06	-0.758574	-0.914076	0	4.97055	-2.31558	0
37.85	1	3e-06	-0.510046	-1.02986	0	5.63385	-0.976286	0
37.9	1	3e-06	-0.228354	-1.07867	0	5.97014	0.612234	0
37.95	1	3e-06	0.0701533	-1.04806	0	5.85065	2.39727	0
38	1	3e-06	0.362686	-0.928194	0	5.12725	4.24862	0
38.05	1	3e-06	0.619049	-0.715763	0	3.68537	5.91576	0
38.1	1	3e-06	0.803317	-0.419975	0	1.5565	7.02874	0
38.15	1	3e-06	0.881142	-0.068538	0	-0.962958	7.22471	0
38.2	1	3e-06	0.832995	0.292698	0	-3.35189	6.38529	0
38.25	1	3e-06	0.6654	0.611962	0	-5.12967	4.75028	0
38.3	1	3e-06	0.408916	0.849476	0	-6.09292	2.74923	0
38.35	1	3e-06	0.10427	0.986938	0	-6.30349	0.756177	0
38.4	1	3e-06	-0.210904	1.02475	0	-5.93996	-1.01015	0
38.45	1	3e-06	-0.507903	0.974239	0	-5.18401	-2.46018	0
38.5	1	3e-06	-0.767103	0.85123	0	-4.17762	-3.57694	0
38.55	1	3e-06	-0.975984	0.672383	0	-3.02038	-4.37419	0
38.6	1	3e-06	-1.127	0.453673	0	-1.77975	-4.87361	0
38.65	1	3e-06	-1.21599	0.209993	0	-0.502352	-5.09421	0
38.7	1	3e-06	-1.24111	-0.0447176	0	0.776632	-5.04813	0
38.75	1	3e-06	-1.20228	-0.297124	0	2.02603	-4.73936	0
38.8	1	3e-06	-1.10098	-0.534092	0	3.21207	-4.164	0
38.85	1	3e-06	-0.940372	-0.742291	0	4.29156	-3.31189	0
38.9	1	3e-06	-0.725793	-0.907886	0	5.20387	-2.17069	0
38.95	1	3e-06	-0.4656	-1.01642	0	5.86158	-0.734895	0
39	1	3e-06	-0.172521	-1.05317	0	6.14176	0.975459	0
39.05	1	3e-06	0.134567	-1.00439	0	5.88651	2.88063	0
39.1	1	3e-06	0.428892	-0.860361	0	4.9336	4.79216	0
39.15	1	3e-06	0.675572	-0.620753	0	3.20681	6.37883	0
39.2	1	3e-06	0.835913	-0.301811	0	0.856189	7.22754	0
39.25	1	3e-06	0.878722	0.0595655	0	-1.68268	7.05544	0
39.3	1	3e-06	0.794588	0.412337	0	-3.86895	5.92091	0
39.35	1	3e-06	0.601141	0.708383	0	-5.34859	4.17731	0
39.4	1	3e-06	0.333711	0.917248	0	-6.05696	2.23026	0
39.45	1	3e-06	0.0308634	1.02876	0	-6.11284	0.36768	0
39.5	1	3e-06	-0.274779	1.04715	0	-5.68536	-1.26138	0
39.55	1	3e-06	-0.559047	0.984076	0	-4.92419	-2.60126	0
39.6	1	3e-06	-0.805256	0.854014	0	-3.94132	-3.64364	0
39.65	1	3e-06	-1.00232	0.671832	0	-2.81518	-4.39846	0
39.7	1	3e-06	-1.14308	0.451909	0	-1.60019	-4.8788	0
39.75	1	3e-06	-1.22309	0.207969	0	-0.335907	-5.09377	0
39.8	1	3e-06	-1.23989	-0.0467192	0	0.945367	-5.04549	0
39.85	1	3e-06	-1.19262	-0.298994	0	2.2119	-4.72797	0
39.9	1	3e-06	-1.08202	-0.535392	0	3.42582	-4.12731	0
39.95	1	3e-06	-0.910731	-0.741757	0	4.53519	-3.22377	0
40	1	3e-06	-0.683972	-0.902946	0	5.46407	-1.9975	0
40.05	1	3e-06	-0.410768	-1.00282	0	6.10118	-0.442114	0
40.1	1	3e-06	-0.105709	-1.02493	0	6.29193	1.40737	0
40.15	1	3e-06	0.208887	-0.954559	0	5.84999	3.42691	0
40.2	1	3e-06	0.501387	-0.783213	0	4.61938	5.34924	0
40.25	1	3e-06	0.732356	-0.515751	0	2.60793	6.76578	0
40.3	1	3e-06	0.862752	-0.177462	0	0.115844	7.27838	0
40.35	1	3e-06	0.868545	0.186457	0	-2.3298	6.75336	0
40.4	1	3e-06	0.752054	0.524125	0	-4.25703	5.41022	0
40.45	1	3e-06	0.539203	0.794636	0	-5.45889	3.63901	0
40.5	1	3e-06	0.266258	0.976587	0	-5.96564	1.78036	0
40.55	1	3e-06	-0.0320238	1.0656	0	-5.91347	0.0443589	0
40.6	1	3e-06	-0.327697	1.06782	0	-5.4493	-1.46816	0
40.65	1	3e-06	-0.600162	0.994415	0	-4.69325	-2.72087	0
40.7	1	3e-06	-0.834825	0.858371	0	-3.73336	-3.70784	0
40.75	1	3e-06	-1.02149	0.672979	0	-2.63178	-4.43358	0
40.8	1	3e-06	-1.15308	0.4513	0	-1.43293	-4.90279	0
40.85	1	3e-06	-1.22473	0.206161	0	-0.170965	-5.11522	0
40.9	1	3e-06	-1.23328	-0.0496001	0	1.1237	-5.06315	0
40.95	1	3e-06	-1.17709	-0.302758	0	2.41783	-4.73029	0
41	1	3e-06	-1.0562	-0.539272	0	3.66787	-4.09205	0
41.05	1	3e-06	-0.872807	-0.743875	0	4.81019	-3.11847	0
41.1	1	3e-06	-0.632297	-0.899798	0	5.74857	-1.7831	0
41.15	1	3e-06	-0.344868	-0.988953	0	6.34108	-0.0840039	0
41.2	1	3e-06	-0.0278142	-0.993153	0	6.39706	1.91488	0
41.25	1	3e-06	0.292039	-0.897409	0	5.71122	4.02241	0
41.3	1	3e-06	0.5776	-0.696289	0	4.17137	5.87867	0
41.35	1	3e-06	0.786168	-0.402356	0	1.91846	7.03169	0
41.4	1	3e-06	0.882092	-0.0507708	0	-0.605879	7.17699	0
41.45	1	3e-06	0.851798	0.308079	0	-2.86829	6.35872	0
41.5	1	3e-06	0.708383	0.626015	0	-4.52333	4.89612	0
41.55	1	3e-06	0.482217	0.870821	0	-5.48839	3.15335	0
41.6	1	3e-06	0.207797	1.02849	0	-5.84345	1.39597	0
41.65	1	3e-06	-0.0843751	1.09829	0	-5.71884	-0.226084	0
41.7	1	3e-06	-0.370317	1.08698	0	-5.23611	-1.64302	0
41.75	1	3e-06	-0.632123	1.00483	0	-4.49028	-2.82861	0
41.8	1	3e-06	-0.856637	0.863401	0	-3.55045	-3.77586	0
41.85	1	3e-06	-1.03416	0.674608	0	-2.46605	-4.48324	0
41.9	1	3e-06	-1.15746	0.450446	0	-1.27358	-4.94731	0
41.95	1	3e-06	-1.22114	0.203081	0	-0.00292465	-5.15863	0
42	1	3e-06	-1.22129	-0.0548506	0	1.31649	-5.09937	0
42.05	1	3e-06	-1.15546	-0.309819	0	2.64875	-4.74214	0
42.1	1	3e-06	-1.02302	-0.546926	0	3.94232	-4.05058	0
42.15	1	3e-06	-0.825908	-0.749455	0	5.11758	-2.98412	0
42.2	1	3e-06	-0.570029	-0.898661	0	6.05117	-1.5123	0
42.25	1	3e-06	-0.267471	-0.974276	0	6.56311	0.352492	0
42.3	1	3e-06	0.0606847	-0.956651	0	6.42711	2.4964	0
42.35	1	3e-06	0.38204	-0.831831	0	5.44389	4.63721	0
42.4	1	3e-06	0.654235	-0.59997	0	3.59767	6.3303	0
42.45	1	3e-06	0.834118	-0.283455	0	1.18953	7.14865	0
42.5	1	3e-06	0.893595	0.0739774	0	-1.25727	6.94609	0
42.55	1	3e-06	0.830732	0.421282	0	-3.28643	5.91706	0
42.6	1	3e-06	0.66641	0.717135	0	-4.68847	4.4083	0
42.65	1	3e-06	0.431986	0.93755	0	-5.46365	2.72591	0
42.7	1	3e-06	0.158804	1.07385	0	-5.70871	1.06879	0
42.75	1	3e-06	-0.126632	1.12728	0	-5.53747	-0.455586	0
42.8	1	3e-06	-0.403505	1.10451	0	-5.04762	-1.79644	0
42.85	1	3e-06	-0.655886	1.01468	0	-4.31356	-2.93207	0
42.9	1	3e-06	-0.871564	0.86808	0	-3.38931	-3.85262	0
42.95	1	3e-06	-1.04103	0.675449	0	-2.31403	-4.5503	0
43	1	3e-06	-1.15673	0.447934	0	-1.11772	-5.01356	0
43.05	1	3e-06	-1.21262	0.197256	0	0.173112	-5.22354	0
43.1	1	3e-06	-1.20396	-0.0639206	0	1.52915	-5.15154	0
43.15	1	3e-06	-1.1275	-0.321498	0	2.91008	-4.75778	0
43.2	1	3e-06	-0.982	-0.559387	0	4.25294	-3.99283	0
43.25	1	3e-06	-0.769353	-0.759028	0	5.45597	-2.80595	0
43.3	1	3e-06	-0.496554	-0.899326	0	6.36004	-1.16856	0
43.35	1	3e-06	-0.178552	-0.957754	0	6.74117	0.875834	0
43.4	1	3e-06	0.158506	-0.913962	0	6.34917	3.13615	0
43.45	1	3e-06	0.475965	-0.757155	0	5.03573	5.22555	0
43.5	1	3e-06	0.727751	-0.495877	0	2.9323	6.65878	0
43.55	1	3e-06	0.874366	-0.162938	0	0.479263	7.11591	0
43.6	1	3e-06	0.898329	0.192857	0	-1.80689	6.62511	0
43.65	1	3e-06	0.807985	0.524113	0	-3.5923	5.46697	0
43.7	1	3e-06	0.62837	0.797461	0	-4.77749	3.96285	0
43.75	1	3e-06	0.389495	0.995604	0	-5.40671	2.35449	0
43.8	1	3e-06	0.11916	1.11333	0	-5.57427	0.788948	0
43.85	1	3e-06	-0.159554	1.15278	0	-5.37445	-0.654758	0
43.9	1	3e-06	-0.428276	1.12004	0	-4.88415	-1.93699	0
43.95	1	3e-06	-0.672484	1.02319	0	-4.16097	-3.03731	0
44	1	3e-06	-0.880532	0.871322	0	-3.24663	-3.94209	0
44.05	1	3e-06	-1.04286	0.674218	0	-2.17172	-4.63703	0
44.1	1	3e-06	-1.15145	0.442366	0	-0.960686	-5.10228	0
44.15	1	3e-06	-1.19948	0.187252	0	0.362604	-5.30886	0
44.2	1	3e-06	-1.18135	-0.078191	0	1.76775	-5.21586	0
44.25	1	3e-06	-1.09297	-0.338984	0	3.2075	-4.76932	0
44.3	1	3e-06	-0.932592	-0.57745	0	4.60235	-3.90565	0
44.35	1	3e-06	-0.702474	-0.772733	0	5.81985	-2.56637	0
44.4	1	3e-06	-0.411482	-0.901051	0	6.65553	-0.736437	0
44.45	1	3e-06	-0.0787053	-0.937873	0	6.84188	1.48416	0
44.5	1	3e-06	0.263388	-0.863665	0	6.13563	3.79999	0
44.55	1	3e-06	0.57017	-0.673666	0	4.49845	5.73434	0
44.6	1	3e-06	0.795092	-0.386949	0	2.22848	6.83907	0
44.65	1	3e-06	0.906517	-0.0449952	0	-0.164696	6.95785	0
44.7	1	3e-06	0.898282	0.302898	0	-2.24608	6.25602	0
44.75	1	3e-06	0.785978	0.615699	0	-3.8049	5.03491	0
44.8	1	3e-06	0.595733	0.867444	0	-4.81404	3.56551	0
44.85	1	3e-06	0.355031	1.04572	0	-5.33437	2.0329	0
44.9	1	3e-06	0.0883121	1.14736	0	-5.44877	0.546692	0
44.95	1	3e-06	-0.184126	1.1747	0	-5.23257	-0.832629	0
45	1	3e-06	-0.445755	1.13307	0	-4.74513	-2.07164	0
45.05	1	3e-06	-0.683011	1.02949	0	-4.03018	-3.14928	0
45.1	1	3e-06	-0.88452	0.872022	0	-3.11906	-4.04752	0
45.15	1	3e-06	-1.04047	0.669646	0	-2.0349	-4.74528	0
45.2	1	3e-06	-1.14222	0.432381	0	-0.797263	-5.21378	0
45.25	1	3e-06	-1.18208	0.171692	0	0.571836	-5.41264	0
45.3	1	3e-06	-1.15349	-0.0989396	0	2.03916	-5.28678	0
45.35	1	3e-06	-1.05153	-0.363279	0	3.54658	-4.766	0
45.4	1	3e-06	-0.874202	-0.601579	0	4.99056	-3.77233	0
45.45	1	3e-06	-0.624674	-0.790196	0	6.19705	-2.24616	0
45.5	1	3e-06	-0.314821	-0.902503	0	6.90866	-0.206174	0
45.55	1	3e-06	0.0306118	-0.912812	0	6.82935	2.15885	0
45.6	1	3e-06	0.372079	-0.80487	0	5.77589	4.43765	0
45.65	1	3e-06	0.660874	-0.582987	0	3.86987	6.11904	0
45.7	1	3e-06	0.854367	-0.277035	0	1.54224	6.87379	0
45.75	1	3e-06	0.93148	0.0666547	0	-0.715402	6.71224	0
45.8	1	3e-06	0.895709	0.402267	0	-2.58309	5.87345	0
45.85	1	3e-06	0.766555	0.695939	0	-3.94647	4.63567	0
45.9	1	3e-06	0.569231	0.927723	0	-4.81786	3.2155	0
45.95	1	3e-06	0.328338	1.0885	0	-5.25886	1.75351	0
46	1	3e-06	0.0653954	1.17617	0	-5.33783	0.333224	0
46.05	1	3e-06	-0.201496	1.19283	0	-5.11317	-0.996744	0
46.1	1	3e-06	-0.457154	1.143	0	-4.62945	-2.20614	0
46.15	1	3e-06	-0.688627	1.03269	0	-3.91864	-3.2721	0
46.2	1	3e-06	-0.884559	0.869085	0	-3.003	-4.17173	0
46.25	1	3e-06	-1.03471	0.660498	0	-1.89884	-4.87656	0
46.3	1	3e-06	-1.12965	0.41667	0	-0.621387	-5.34775	0
46.35	1	3e-06	-1.16072	0.149283	0	0.808124	-5.5316	0
46.4	1	3e-06	-1.12031	-0.127297	0	2.35087	-5.3563	0
46.45	1	3e-06	-1.00277	-0.395112	0	3.93179	-4.73339	0
46.5	1	3e-06	-0.806181	-0.631782	0	5.41278	-3.57278	0
46.55	1	3e-06	-0.535542	-0.81042	0	6.5661	-1.82749	0
46.6	1	3e-06	-0.207237	-0.901795	0	7.08246	0.419442	0
46.65	1	3e-06	0.146886	-0.880823	0	6.67529	2.8611	0
46.7	1	3e-06	0.480651	-0.737768	0	5.28555	4.99425	0
46.75	1	3e-06	0.744928	-0.488055	0	3.20375	6.35819	0
46.8	1	3e-06	0.905116	-0.170146	0	0.916579	6.78814	0
46.85	1	3e-06	0.950945	0.169261	0	-1.16648	6.41737	0
46.9	1	3e-06	0.892621	0.490129	0	-2.83499	5.5012	0
46.95	1	3e-06	0.750871	0.765189	0	-4.0379	4.27536	0
47	1	3e-06	0.548976	0.978957	0	-4.80432	2.90865	0
47.05	1	3e-06	0.308761	1.12439	0	-5.18877	1.50862	0
47.1	1	3e-06	0.0493223	1.19982	0	-5.24499	0.140902	0
47.15	1	3e-06	-0.212927	1.20687	0	-5.01663	-1.15342	0
47.2	1	3e-06	-0.463759	1.14919	0	-4.53562	-2.34536	0
47.25	1	3e-06	-0.69054	1.03193	0	-3.82357	-3.40944	0
47.3	1	3e-06	-0.881719	0.861455	0	-2.8944	-4.31725	0
47.35	1	3e-06	-1.02644	0.645592	0	-1.75802	-5.03199	0
47.4	1	3e-06	-1.11434	0.393993	0	-0.42585	-5.503	0
47.45	1	3e-06	-1.13563	0.118842	0	1.07992	-5.66058	0
47.5	1	3e-06	-1.08164	-0.164187	0	2.71044	-5.41308	0
47.55	1	3e-06	-0.946115	-0.43484	0	4.36468	-4.65278	0
47.6	1	3e-06	-0.727881	-0.667479	0	5.8563	-3.28494	0
47.65	1	3e-06	-0.435066	-0.831726	0	6.89474	-1.29972	0
47.7	1	3e-06	-0.0903288	-0.896712	0	7.13831	1.11823	0
47.75	1	3e-06	0.266587	-0.840801	0	6.3715	3.5367	0
47.8	1	3e-06	0.585162	-0.663966	0	4.70524	5.42735	0
47.85	1	3e-06	0.820424	-0.392598	0	2.55281	6.45736	0
47.9	1	3e-06	0.948064	-0.0697303	0	0.374397	6.61758	0
47.95	1	3e-06	0.966784	0.261149	0	-1.52577	6.10431	0
48	1	3e-06	0.890495	0.566364	0	-3.02125	5.15317	0
48.05	1	3e-06	0.739433	0.824023	0	-4.09675	3.95463	0
48.1	1	3e-06	0.534595	1.02175	0	-4.78491	2.63937	0
48.15	1	3e-06	0.295349	1.15372	0	-5.13006	1.29111	0
48.2	1	3e-06	0.0388462	1.21828	0	-5.17241	-0.0368221	0
48.25	1	3e-06	-0.219774	1.21644	0	-4.94273	-1.30806	0
48.3	1	3e-06	-0.466911	1.15103	0	-4.46182	-2.4936	0
48.35	1	3e-06	-0.690002	1.02635	0	-3.74179	-3.56463	0
48.4	1	3e-06	-0.877091	0.848123	0	-2.78854	-4.48639	0
48.45	1	3e-06	-1.01652	0.623803	0	-1.60578	-5.21221	0
48.5	1	3e-06	-1.09681	0.363192	0	-0.202036	-5.67704	0
48.55	1	3e-06	-1.10691	0.0793403	0	1.39667	-5.79163	0
48.6	1	3e-06	-1.03708	-0.210241	0	3.12438	-5.44138	0
48.65	1	3e-06	-0.880857	-0.48231	0	4.8411	-4.5014	0
48.7	1	3e-06	-0.638802	-0.70738	0	6.29737	-2.88879	0
48.75	1	3e-06	-0.323934	-0.85182	0	7.14217	-0.667301	0
48.8	1	3e-06	0.0331747	-0.885185	0	7.04795	1.8466	0
48.85	1	3e-06	0.385572	-0.792855	0	5.93733	4.13037	0
48.9	1	3e-06	0.682439	-0.586337	0	4.08782	5.71943	0
48.95	1	3e-06	0.88683	-0.300365	0	1.95525	6.44172	0
49	1	3e-06	0.984592	0.021721	0	-0.0794496	6.39683	0
49.05	1	3e-06	0.98062	0.341563	0	-1.8082	5.79469	0
49.1	1	3e-06	0.89021	0.631297	0	-3.16012	4.83597	0
49.15	1	3e-06	0.732204	0.873096	0	-4.13699	3.67112	0
49.2	1	3e-06	0.525354	1.05665	0	-4.76807	2.40182	0
49.25	1	3e-06	0.28695	1.17674	0	-5.08683	1.09463	0
49.3	1	3e-06	0.0326087	1.23147	0	-5.12126	-0.205603	0
49.35	1	3e-06	-0.223454	1.22119	0	-4.89074	-1.46542	0
49.4	1	3e-06	-0.467992	1.14792	0	-4.40583	-2.65485	0
49.45	1	3e-06	-0.688283	1.01518	0	-3.66948	-3.74093	0
49.5	1	3e-06	-0.871757	0.828135	0	-2.67961	-4.68126	0
49.55	1	3e-06	-1.00574	0.594072	0	-1.43398	-5.41703	0
49.6	1	3e-06	-1.07744	0.32322	0	0.0602222	-5.86528	0
49.65	1	3e-06	-1.07443	0.0299562	0	1.76816	-5.9129	0
49.7	1	3e-06	-0.986018	-0.265689	0	3.59583	-5.42042	0
49.75	1	3e-06	-0.806226	-0.53671	0	5.34746	-4.25435	0
49.8	1	3e-06	-0.538853	-0.749427	0	6.69997	-2.37331	0
49.85	1	3e-06	-0.203854	-0.868092	0	7.26749	0.0434267	0
49.9	1	3e-06	0.15952	-0.865921	0	6.8062	2.54741	0
49.95	1	3e-06	0.49983	-0.73855	0	5.41508	4.60294	0
50	1	3e-06	0.770584	-0.508403	0	3.48186	5.87841	0
