0	0
0.05	0
0.1	0
0.15	0
0.2	0
0.25	0
0.3	0
0.35	0
0.4	0
0.45	0
0.5	0
0.55	0
0.6	0
0.65	0
0.7	0
0.75	0
0.8	0
0.85	0
0.9	0
0.95	0
1	0
1.05	0
1.1	0
1.15	0
1.2	0
1.25	0
1.3	0
1.35	0
1.4	0
1.45	0
1.5	0
1.55	0
1.6	0
1.65	0
1.7	0
1.75	0
1.8	0
1.85	0
1.9	0
1.95	0
2	0
2.05	0
2.1	0
2.15	0
2.2	0
2.25	0
2.3	0
2.35	0
2.4	0
2.45	0
2.5	0
2.55	0
2.6	0
2.65	0
2.7	0
2.75	0
2.8	0
2.85	0
2.9	0
2.95	0
3	0
3.05	0
3.1	0
3.15	0
3.2	0
3.25	0
3.3	0
3.35	0
3.4	0
3.45	0
3.5	0
3.55	0
3.6	0
3.65	0
3.7	0
3.75	0
3.8	0
3.85	0
3.9	0
3.95	0
4	0
4.05	0
4.1	0
4.15	0
4.2	0
4.25	0
4.3	0
4.35	0
4.4	0
4.45	0
4.5	0
4.55	0
4.6	0
4.65	0
4.7	0
4.75	0
4.8	0
4.85	0
4.9	0
4.95	0
5	0
5.05	0
5.1	0
5.15	0
5.2	0
5.25	0
5.3	0
5.35	0
5.4	0
5.45	0
5.5	0
5.55	0
5.6	0
5.65	0
5.7	0
5.75	0
5.8	0
5.85	0
5.9	0
5.95	0
6	0
6.05	0
6.1	0
6.15	0
6.2	0
6.25	0
6.3	0
6.35	0
6.4	0
6.45	0
6.5	0
6.55	0
6.6	0
6.65	0
6.7	0
6.75	0
6.8	0
6.85	0
6.9	0
6.95	0
7	0
7.05	0
7.1	0
7.15	0
7.2	0
7.25	0
7.3	0
7.35	0
7.4	0
7.45	0
7.5	0
7.55	0
7.6	0
7.65	0
7.7	0
7.75	0
7.8	0
7.85	0
7.9	0
7.95	0
8	0
8.05	0
8.1	0
8.15	0
8.2	0
8.25	0
8.3	0
8.35	0
8.4	0
8.45	0
8.5	0
8.55	0
8.6	0
8.65	0
8.7	0
8.75	0
8.8	0
8.85	0
8.9	0
8.95	0
9	0
9.05	0
9.1	0
9.15	0
9.2	0
9.25	0
9.3	0
9.35	0
9.4	0
9.45	0
9.5	0
9.55	0
9.6	0
9.65	0
9.7	0
9.75	0
9.8	0
9.85	0
9.9	0
9.95	0
10	0
10.05	0
10.1	0
10.15	0
10.2	0
10.25	0
10.3	0
10.35	0
10.4	0
10.45	0
10.5	0
10.55	0
10.6	0
10.65	0
10.7	0
10.75	0
10.8	0
10.85	0
10.9	0
10.95	0
11	0
11.05	0
11.1	0
11.15	0
11.2	0
11.25	0
11.3	0
11.35	0
11.4	0
11.45	0
11.5	0
11.55	0
11.6	0
11.65	0
11.7	0
11.75	0
11.8	0
11.85	0
11.9	0
11.95	0
12	0
12.05	0
12.1	0
12.15	0
12.2	0
12.25	0
12.3	0
12.35	0
12.4	0
12.45	0
12.5	0
12.55	0
12.6	0
12.65	0
12.7	0
12.75	0
12.8	0
12.85	0
12.9	0
12.95	0
13	0
13.05	0
13.1	0
13.15	0
13.2	0
13.25	0
13.3	0
13.35	0
13.4	0
13.45	0
13.5	0
13.55	0
13.6	0
13.65	0
13.7	0
13.75	0
13.8	0
13.85	0
13.9	0
13.95	0
14	0
14.05	0
14.1	0
14.15	0
14.2	0
14.25	0
14.3	0
14.35	0
14.4	0
14.45	0
14.5	0
14.55	0
14.6	0
14.65	0
14.7	0
14.75	0
14.8	0
14.85	0
14.9	0
14.95	0
15	0
15.05	0
15.1	0
15.15	0
15.2	0
15.25	0
15.3	0
15.35	0
15.4	0
15.45	0
15.5	0
15.55	0
15.6	0
15.65	0
15.7	0
15.75	0
15.8	0
15.85	0
15.9	0
15.95	0
16	0
16.05	0
16.1	0
16.15	0
16.2	0
16.25	0
16.3	0
16.35	0
16.4	0
16.45	0
16.5	0
16.55	0
16.6	0
16.65	0
16.7	0
16.75	0
16.8	0
16.85	0
16.9	0
16.95	0
17	0
17.05	0
17.1	0
17.15	0
17.2	0
17.25	0
17.3	0
17.35	0
17.4	0
17.45	0
17.5	0
17.55	0
17.6	0
17.65	0
17.7	0
17.75	0
17.8	0
17.85	0
17.9	0
17.95	0
18	0
18.05	0
18.1	0
18.15	0
18.2	0
18.25	0
18.3	0
18.35	0
18.4	0
18.45	0
18.5	0
18.55	0
18.6	0
18.65	0
18.7	0
18.75	0
18.8	0
18.85	0
18.9	0
18.95	0
19	0
19.05	0
19.1	0
19.15	0
19.2	0
19.25	0
19.3	0
19.35	0
19.4	0
19.45	0
19.5	0
19.55	0
19.6	0
19.65	0
19.7	0
19.75	0
19.8	0
19.85	0
19.9	0
19.95	0
20	0
20.05	0
20.1	0
20.15	0
20.2	0
20.25	0
20.3	0
20.35	0
20.4	0
20.45	0
20.5	0
20.55	0
20.6	0
20.65	0
20.7	0
20.75	0
20.8	0
20.85	0
20.9	0
20.95	0
21	0
21.05	0
21.1	0
21.15	0
21.2	0
21.25	0
21.3	0
21.35	0
21.4	0
21.45	0
21.5	0
21.55	0
21.6	0
21.65	0
21.7	0
21.75	0
21.8	0
21.85	0
21.9	0
21.95	0
22	0
22.05	0
22.1	0
22.15	0
22.2	0
22.25	0
22.3	0
22.35	0
22.4	0
22.45	0
22.5	0
22.55	0
22.6	0
22.65	0
22.7	0
22.75	0
22.8	0
22.85	0
22.9	0
22.95	0
23	0
23.05	0
23.1	0
23.15	0
23.2	0
23.25	0
23.3	0
23.35	0
23.4	0
23.45	0
23.5	0
23.55	0
23.6	0
23.65	0
23.7	0
23.75	0
23.8	0
23.85	0
23.9	0
23.95	0
24	0
24.05	0
24.1	0
24.15	0
24.2	0
24.25	0
24.3	0
24.35	0
24.4	0
24.45	0
24.5	0
24.55	0
24.6	0
24.65	0
24.7	0
24.75	0
24.8	0
24.85	0
24.9	0
24.95	0
25	0
25.05	0
25.1	0
25.15	0
25.2	0
25.25	0
25.3	0
25.35	0
25.4	0
25.45	0
25.5	0
25.55	0
25.6	0
25.65	0
25.7	0
25.75	0
25.8	0
25.85	0
25.9	0
25.95	0
26	0
26.05	0
26.1	0
26.15	0
26.2	0
26.25	0
26.3	0
26.35	0
26.4	0
26.45	0
26.5	0
26.55	0
26.6	0
26.65	0
26.7	0
26.75	0
26.8	0
26.85	0
26.9	0
26.95	0
27	0
27.05	0
27.1	0
27.15	0
27.2	0
27.25	0
27.3	0
27.35	0
27.4	0
27.45	0
27.5	0
27.55	0
27.6	0
27.65	0
27.7	0
27.75	0
27.8	0
27.85	0
27.9	0
27.95	0
28	0
28.05	0
28.1	0
28.15	0
28.2	0
28.25	0
28.3	0
28.35	0
28.4	0
28.45	0
28.5	0
28.55	0
28.6	0
28.65	0
28.7	0
28.75	0
28.8	0
28.85	0
28.9	0
28.95	0
29	0
29.05	0
29.1	0
29.15	0
29.2	0
29.25	0
29.3	0
29.35	0
29.4	0
29.45	0
29.5	0
29.55	0
29.6	0
29.65	0
29.7	0
29.75	0
29.8	0
29.85	0
29.9	0
29.95	0
30	0
30.05	0
30.1	0
30.15	0
30.2	0
30.25	0
30.3	0
30.35	0
30.4	0
30.45	0
30.5	0
30.55	0
30.6	0
30.65	0
30.7	0
30.75	0
30.8	0
30.85	0
30.9	0
30.95	0
31	0
31.05	0
31.1	0
31.15	0
31.2	0
31.25	0
31.3	0
31.35	0
31.4	0
31.45	0
31.5	0
31.55	0
31.6	0
31.65	0
31.7	0
31.75	0
31.8	0
31.85	0
31.9	0
31.95	0
32	0
32.05	0
32.1	0
32.15	0
32.2	0
32.25	0
32.3	0
32.35	0
32.4	0
32.45	0
32.5	0
32.55	0
32.6	0
32.65	0
32.7	0
32.75	0
32.8	0
32.85	0
32.9	0
32.95	0
33	0
33.05	0
33.1	0
33.15	0
33.2	0
33.25	0
33.3	0
33.35	0
33.4	0
33.45	0
33.5	0
33.55	0
33.6	0
33.65	0
33.7	0
33.75	0
33.8	0
33.85	0
33.9	0
33.95	0
34	0
34.05	0
34.1	0
34.15	0
34.2	0
34.25	0
34.3	0
34.35	0
34.4	0
34.45	0
34.5	0
34.55	0
34.6	0
34.65	0
34.7	0
34.75	0
34.8	0
34.85	0
34.9	0
34.95	0
35	0
35.05	0
35.1	0
35.15	0
35.2	0
35.25	0
35.3	0
35.35	0
35.4	0
35.45	0
35.5	0
35.55	0
35.6	0
35.65	0
35.7	0
35.75	0
35.8	0
35.85	0
35.9	0
35.95	0
36	0
36.05	0
36.1	0
36.15	0
36.2	0
36.25	0
36.3	0
36.35	0
36.4	0
36.45	0
36.5	0
36.55	0
36.6	0
36.65	0
36.7	0
36.75	0
36.8	0
36.85	0
36.9	0
36.95	0
37	0
37.05	0
37.1	0
37.15	0
37.2	0
37.25	0
37.3	0
37.35	0
37.4	0
37.45	0
37.5	0
37.55	0
37.6	0
37.65	0
37.7	0
37.75	0
37.8	0
37.85	0
37.9	0
37.95	0
38	0
38.05	0
38.1	0
38.15	0
38.2	0
38.25	0
38.3	0
38.35	0
38.4	0
38.45	0
38.5	0
38.55	0
38.6	0
38.65	0
38.7	0
38.75	0
38.8	0
38.85	0
38.9	0
38.95	0
39	0
39.05	0
39.1	0
39.15	0
39.2	0
39.25	0
39.3	0
39.35	0
39.4	0
39.45	0
39.5	0
39.55	0
39.6	0
39.65	0
39.7	0
39.75	0
39.8	0
39.85	0
39.9	0
39.95	0
40	0
40.05	0
40.1	0
40.15	0
40.2	0
40.25	0
40.3	0
40.35	0
40.4	0
40.45	0
40.5	0
40.55	0
40.6	0
40.65	0
40.7	0
40.75	0
40.8	0
40.85	0
40.9	0
40.95	0
41	0
41.05	0
41.1	0
41.15	0
41.2	0
41.25	0
41.3	0
41.35	0
41.4	0
41.45	0
41.5	0
41.55	0
41.6	0
41.65	0
41.7	0
41.75	0
41.8	0
41.85	0
41.9	0
41.95	0
42	0
42.05	0
42.1	0
42.15	0
42.2	0
42.25	0
42.3	0
42.35	0
42.4	0
42.45	0
42.5	0
42.55	0
42.6	0
42.65	0
42.7	0
42.75	0
42.8	0
42.85	0
42.9	0
42.95	0
43	0
43.05	0
43.1	0
43.15	0
43.2	0
43.25	0
43.3	0
43.35	0
43.4	0
43.45	0
43.5	0
43.55	0
43.6	0
43.65	0
43.7	0
43.75	0
43.8	0
43.85	0
43.9	0
43.95	0
44	0
44.05	0
44.1	0
44.15	0
44.2	0
44.25	0
44.3	0
44.35	0
44.4	0
44.45	0
44.5	0
44.55	0
44.6	0
44.65	0
44.7	0
44.75	0
44.8	0
44.85	0
44.9	0
44.95	0
45	0
45.05	0
45.1	0
45.15	0
45.2	0
45.25	0
45.3	0
45.35	0
45.4	0
45.45	0
45.5	0
45.55	0
45.6	0
45.65	0
45.7	0
45.75	0
45.8	0
45.85	0
45.9	0
45.95	0
46	0
46.05	0
46.1	0
46.15	0
46.2	0
46.25	0
46.3	0
46.35	0
46.4	0
46.45	0
46.5	0
46.55	0
46.6	0
46.65	0
46.7	0
46.75	0
46.8	0
46.85	0
46.9	0
46.95	0
47	0
47.05	0
47.1	0
47.15	0
47.2	0
47.25	0
47.3	0
47.35	0
47.4	0
47.45	0
47.5	0
47.55	0
47.6	0
47.65	0
47.7	0
47.75	0
47.8	0
47.85	0
47.9	0
47.95	0
48	0
48.05	0
48.1	0
48.15	0
48.2	0
48.25	0
48.3	0
48.35	0
48.4	0
48.45	0
48.5	0
48.55	0
48.6	0
48.65	0
48.7	0
48.75	0
48.8	0
48.85	0
48.9	0
48.95	0
49	0
49.05	0
49.1	0
49.15	0
49.2	0
49.25	0
49.3	0
49.35	0
49.4	0
49.45	0
49.5	0
49.55	0
49.6	0
49.65	0
49.7	0
49.75	0
49.8	0
49.85	0
49.9	0
49.95	0
50	0
