0	1	3e-06	1	0	0	0	6.3	0
0.05	1	3e-06	0.950652	0.315	0	-1.92106	5.99048	0
0.1	1	3e-06	0.807894	0.599048	0	-3.6389	5.09983	0
0.15	1	3e-06	0.586762	0.824983	0	-4.98079	3.73394	0
0.2	1	3e-06	0.309815	0.972443	0	-5.82656	2.04639	0
0.25	1	3e-06	0.00410601	1.02962	0	-6.1179	0.212622	0
0.3	1	3e-06	-0.301975	0.993705	0	-5.85557	-1.59382	0
0.35	1	3e-06	-0.581451	0.87024	0	-5.08897	-3.21846	0
0.4	1	3e-06	-0.810871	0.671859	0	-3.90307	-4.53548	0
0.45	1	3e-06	-0.971758	0.416693	0	-2.40634	-5.45125	0
0.5	1	3e-06	-1.05151	0.126734	0	-0.721417	-5.90446	0
0.55	1	3e-06	-1.0439	-0.173753	0	1.02144	-5.86505	0
0.6	1	3e-06	-0.949361	-0.459771	0	2.68908	-5.33373	0
0.65	1	3e-06	-0.774991	-0.707126	0	4.14982	-4.3427	0
0.7	1	3e-06	-0.534379	-0.894041	0	5.27898	-2.9574	0
0.75	1	3e-06	-0.247093	-1.00287	0	5.96706	-1.27821	0
0.8	1	3e-06	0.0623267	-1.02186	0	6.13106	0.560018	0
0.85	1	3e-06	0.366013	-0.946865	0	5.72842	2.39326	0
0.9	1	3e-06	0.635168	-0.782536	0	4.77079	4.04096	0
0.95	1	3e-06	0.843092	-0.542769	0	3.33307	5.32672	0
1	1	3e-06	0.968475	-0.249864	0	1.55236	6.10457	0
1.05	1	3e-06	0.998328	0.0676878	0	-0.386428	6.28435	0
1.1	1	3e-06	0.929832	0.378571	0	-2.27684	5.84842	0
1.15	1	3e-06	0.770644	0.65253	0	-3.92245	4.85371	0
1.2	1	3e-06	0.537588	0.863943	0	-5.16473	3.41893	0
1.25	1	3e-06	0.254171	0.994423	0	-5.90033	1.70192	0
1.3	1	3e-06	-0.0524452	1.03414	0	-6.0857	-0.125086	0
1.35	1	3e-06	-0.354399	0.981914	0	-5.73161	-1.8963	0
1.4	1	3e-06	-0.625607	0.844505	0	-4.89227	-3.46616	0
1.45	1	3e-06	-0.843626	0.635298	0	-3.6535	-4.71647	0
1.5	1	3e-06	-0.990956	0.372858	0	-2.12258	-5.55885	0
1.55	1	3e-06	-1.05588	0.0794126	0	-0.42077	-5.93492	0
1.6	1	3e-06	-1.03303	-0.220634	0	1.32202	-5.81619	0
1.65	1	3e-06	-0.923683	-0.502206	0	2.97142	-5.20496	0
1.7	1	3e-06	-0.735891	-0.74113	0	4.39334	-4.13643	0
1.75	1	3e-06	-0.484348	-0.915849	0	5.46072	-2.68155	0
1.8	1	3e-06	-0.189819	-1.00929	0	6.06355	-0.949059	0
1.85	1	3e-06	0.122007	-1.01076	0	6.1224	0.915934	0
1.9	1	3e-06	0.422422	-0.917692	0	5.60394	2.73971	0
1.95	1	3e-06	0.682401	-0.736784	0	4.5346	4.33614	0
2	1	3e-06	0.875881	-0.484078	0	3.00709	5.53081	0
2.05	1	3e-06	0.98311	-0.183703	0	1.17465	6.18874	0
2.1	1	3e-06	0.993346	0.134796	0	-0.768497	6.23792	0
2.15	1	3e-06	0.90626	0.440089	0	-2.61643	5.68108	0
2.2	1	3e-06	0.731704	0.702905	0	-4.18251	4.59215	0
2.25	1	3e-06	0.488009	0.899304	0	-5.32354	3.09937	0
2.3	1	3e-06	0.199349	1.01284	0	-5.95205	1.36199	0
2.35	1	3e-06	-0.107197	1.0355	0	-6.03715	-0.452632	0
2.4	1	3e-06	-0.404365	0.967579	0	-5.59731	-2.18654	0
2.45	1	3e-06	-0.666928	0.816849	0	-4.68995	-3.70209	0
2.5	1	3e-06	-0.87336	0.59737	0	-3.40104	-4.88725	0
2.55	1	3e-06	-1.00703	0.328124	0	-1.8369	-5.65749	0
2.6	1	3e-06	-1.05705	0.0316212	0	-0.118253	-5.95645	0
2.65	1	3e-06	-1.01886	-0.267521	0	1.62415	-5.75695	0
2.7	1	3e-06	-0.894635	-0.544074	0	3.25356	-5.06332	0
2.75	1	3e-06	-0.693501	-0.773852	0	4.6327	-3.91488	0
2.8	1	3e-06	-0.431365	-0.935562	0	5.63207	-2.38973	0
2.85	1	3e-06	-0.130293	-1.01283	0	6.1422	-0.606534	0
2.9	1	3e-06	0.182855	-0.996216	0	6.08928	1.27844	0
2.95	1	3e-06	0.478634	-0.884981	0	5.45177	3.08229	0
3	1	3e-06	0.728032	-0.687986	0	4.27301	4.6155	0
3.05	1	3e-06	0.905935	-0.423431	0	2.66397	5.70901	0
3.1	1	3e-06	0.994428	-0.117085	0	0.79221	6.24202	0
3.15	1	3e-06	0.985156	0.200771	0	-1.14215	6.16216	0
3.2	1	3e-06	0.880213	0.499131	0	-2.93735	5.49171	0
3.25	1	3e-06	0.691421	0.749943	0	-4.41881	4.31885	0
3.3	1	3e-06	0.438332	0.931015	0	-5.4588	2.7782	0
3.35	1	3e-06	0.145542	1.02776	0	-5.98424	1.028	0
3.4	1	3e-06	-0.160092	1.03382	0	-5.97467	-0.770141	0
3.45	1	3e-06	-0.451925	0.950749	0	-5.45431	-2.46572	0
3.5	1	3e-06	-0.705523	0.787243	0	-4.48253	-3.92781	0
3.55	1	3e-06	-0.900178	0.557968	0	-3.1452	-5.04909	0
3.6	1	3e-06	-1.02004	0.282334	0	-1.54817	-5.7477	0
3.65	1	3e-06	-1.055	-0.0168017	0	0.187366	-5.96861	0
3.7	1	3e-06	-1.00131	-0.314526	0	1.92857	-5.68598	0
3.75	1	3e-06	-0.862138	-0.5854	0	3.53525	-4.90694	0
3.8	1	3e-06	-0.647781	-0.805221	0	4.86639	-3.67637	0
3.85	1	3e-06	-0.375499	-0.953037	0	5.79045	-2.0812	0
3.9	1	3e-06	-0.0687366	-1.01334	0	6.2	-0.25152	0
3.95	1	3e-06	0.244501	-0.978189	0	6.02933	1.64486	0
4	1	3e-06	0.534197	-0.848854	0	5.27134	3.4171	0
4.05	1	3e-06	0.771634	-0.636479	0	3.98778	4.87519	0
4.1	1	3e-06	0.932975	-0.361335	0	2.30738	5.85896	0
4.15	1	3e-06	1.00237	-0.0505831	0	0.409407	6.26443	0
4.2	1	3e-06	0.973915	0.265107	0	-1.50389	6.05936	0
4.25	1	3e-06	0.851984	0.555353	0	-3.23803	5.28384	0
4.3	1	3e-06	0.650112	0.793492	0	-4.63186	4.03724	0
4.35	1	3e-06	0.388798	0.959078	0	-5.57249	2.4577	0
4.4	1	3e-06	0.0928628	1.03926	0	-5.99939	0.700704	0
4.45	1	3e-06	-0.211141	1.02915	0	-5.90036	-1.07822	0
4.5	1	3e-06	-0.497173	0.931439	0	-5.30374	-2.73524	0
4.55	1	3e-06	-0.741515	0.755624	0	-4.27007	-4.1448	0
4.6	1	3e-06	-0.92418	0.516959	0	-2.88517	-5.20298	0
4.65	1	3e-06	-1.03003	0.235327	0	-1.25513	-5.82956	0
4.7	1	3e-06	-1.04969	-0.0659972	0	0.497202	-5.97049	0
4.75	1	3e-06	-0.980311	-0.361723	0	2.23568	-5.60159	0
4.8	1	3e-06	-0.826125	-0.626156	0	3.81571	-4.73387	0
4.85	1	3e-06	-0.59874	-0.83511	0	5.09233	-3.41942	0
4.9	1	3e-06	-0.316892	-0.968098	0	5.93287	-1.75581	0
4.95	1	3e-06	-0.00545346	-1.01069	0	6.23398	0.114308	0
5	1	3e-06	0.306506	-0.956668	0	5.94079	2.01183	0
5.05	1	3e-06	0.588626	-0.809508	0	5.06299	3.74001	0
5.1	1	3e-06	0.812805	-0.582666	0	3.68157	5.11177	0
5.15	1	3e-06	0.956783	-0.298331	0	1.94148	5.9792	0
5.2	1	3e-06	1.00695	0.015254	0	0.0303827	6.25695	0
5.25	1	3e-06	0.959821	0.327365	0	-1.85096	5.93242	0
5.3	1	3e-06	0.821857	0.608496	0	-3.5178	5.06101	0
5.35	1	3e-06	0.608041	0.833466	0	-4.82283	3.7503	0
5.4	1	3e-06	0.339574	0.983526	0	-5.66685	2.13947	0
5.45	1	3e-06	0.0413557	1.04741	0	-5.9998	0.380231	0
5.5	1	3e-06	-0.260406	1.02155	0	-5.81588	-1.37783	0
5.55	1	3e-06	-0.540232	0.90963	0	-5.14625	-2.99652	0
5.6	1	3e-06	-0.775031	0.721896	0	-4.05219	-4.35433	0
5.65	1	3e-06	-0.945451	0.474197	0	-2.61983	-5.34949	0
5.7	1	3e-06	-1.03701	0.186947	0	-0.956473	-5.90271	0
5.75	1	3e-06	-1.0411	-0.116074	0	0.812159	-5.96075	0
5.8	1	3e-06	-0.955798	-0.409128	0	2.54541	-5.50179	0
5.85	1	3e-06	-0.786557	-0.666253	0	4.09356	-4.54214	0
5.9	1	3e-06	-0.546441	-0.863342	0	5.30793	-3.14295	0
5.95	1	3e-06	-0.255764	-0.980548	0	6.05612	-1.41411	0
6	1	3e-06	0.059171	-1.00475	0	6.24143	0.488466	0
6.05	1	3e-06	0.368379	-0.931701	0	5.82262	2.37542	0
6.1	1	3e-06	0.641433	-0.767211	0	4.82807	4.04695	0
6.15	1	3e-06	0.851186	-0.527006	0	3.35779	5.32248	0
6.2	1	3e-06	0.977213	-0.234963	0	1.57057	6.06928	0
6.25	1	3e-06	1.00824	0.0799213	0	-0.341204	6.22145	0
6.3	1	3e-06	0.943092	0.387182	0	-2.18147	5.78456	0
6.35	1	3e-06	0.790096	0.658377	0	-3.77678	4.82657	0
6.4	1	3e-06	0.565414	0.869839	0	-4.99339	3.4604	0
6.45	1	3e-06	0.290757	1.00442	0	-5.74414	1.8245	0
6.5	1	3e-06	-0.00900041	1.05229	0	-5.98752	0.0662278	0
6.55	1	3e-06	-0.307995	1.01104	0	-5.72242	-1.67017	0
6.6	1	3e-06	-0.581243	0.885272	0	-4.98197	-3.25097	0
6.65	1	3e-06	-0.806192	0.685943	0	-3.82811	-4.55739	0
6.7	1	3e-06	-0.964054	0.429533	0	-2.3479	-5.4888	0
6.75	1	3e-06	-1.04098	0.137062	0	-0.650953	-5.96627	0
6.8	1	3e-06	-1.02915	-0.167095	0	1.13282	-5.93763	0
6.85	1	3e-06	-0.9277	-0.456701	0	2.85716	-5.38443	0
6.9	1	3e-06	-0.743433	-0.705537	0	4.36682	-4.32997	0
6.95	1	3e-06	-0.491018	-0.889698	0	5.51012	-2.84645	0
7	1	3e-06	-0.192421	-0.990182	0	6.15697	-1.05749	0
7.05	1	3e-06	0.124679	-0.995447	0	6.22013	0.867719	0
7.1	1	3e-06	0.429592	-0.90341	0	5.67472	2.73144	0
7.15	1	3e-06	0.692151	-0.722303	0	4.56886	4.33417	0
7.2	1	3e-06	0.886478	-0.469993	0	3.02039	5.50542	0
7.25	1	3e-06	0.99419	-0.171761	0	1.19881	6.12971	0
7.3	1	3e-06	1.00636	0.142978	0	-0.702378	6.1604	0
7.35	1	3e-06	0.923952	0.44428	0	-2.49438	5.61912	0
7.4	1	3e-06	0.756921	0.70489	0	-4.01578	4.58347	0
7.45	1	3e-06	0.522374	0.902626	0	-5.14546	3.16932	0
7.5	1	3e-06	0.242374	1.02182	0	-5.80654	1.51316	0
7.55	1	3e-06	-0.0582801	1.05394	0	-5.96418	-0.242051	0
7.6	1	3e-06	-0.354044	0.997616	0	-5.6207	-1.95654	0
7.65	1	3e-06	-0.62035	0.858287	0	-4.81061	-3.49982	0
7.7	1	3e-06	-0.835105	0.647634	0	-3.59676	-4.75463	0
7.75	1	3e-06	-0.980026	0.382824	0	-2.06798	-5.62059	0
7.8	1	3e-06	-1.0419	0.0855746	0	-0.337489	-6.01891	0
7.85	1	3e-06	-1.01378	-0.219067	0	1.45934	-5.89905	0
7.9	1	3e-06	-0.895969	-0.50433	0	3.16972	-5.24729	0
7.95	1	3e-06	-0.696803	-0.743796	0	4.63291	-4.09594	0
8	1	3e-06	-0.432678	-0.913924	0	5.69553	-2.53011	0
8.05	1	3e-06	-0.12725	-0.996807	0	6.23233	-0.688172	0
8.1	1	3e-06	0.190554	-0.982741	0	6.16861	1.24822	0
8.15	1	3e-06	0.489611	-0.871986	0	5.49796	3.07562	0
8.2	1	3e-06	0.74035	-0.675179	0	4.28844	4.59855	0
8.25	1	3e-06	0.918455	-0.41213	0	2.67354	5.65967	0
8.3	1	3e-06	1.0077	-0.109211	0	0.829946	6.16189	0
8.35	1	3e-06	1.00145	0.204058	0	-1.05096	6.07674	0
8.4	1	3e-06	0.902609	0.498462	0	-2.78944	5.43931	0
8.45	1	3e-06	0.722505	0.747989	0	-4.2361	4.33415	0
8.5	1	3e-06	0.478999	0.931878	0	-5.2811	2.87821	0
8.55	1	3e-06	0.194395	1.03581	0	-5.85599	1.2053	0
8.6	1	3e-06	-0.1066	1.05241	0	-5.93101	-0.545627	0
8.65	1	3e-06	-0.398706	0.981247	0	-5.51093	-2.23827	0
8.7	1	3e-06	-0.657693	0.82858	0	-4.63145	-3.74411	0
8.75	1	3e-06	-0.861851	0.606837	0	-3.35681	-4.94629	0
8.8	1	3e-06	-0.993374	0.333951	0	-1.7787	-5.74406	0
8.85	1	3e-06	-1.03972	0.0324307	0	-0.0152759	-6.05884	0
8.9	1	3e-06	-0.994902	-0.271933	0	1.79134	-5.84266	0
8.95	1	3e-06	-0.860587	-0.551835	0	3.48125	-5.0883	0
9	1	3e-06	-0.646777	-0.780763	0	4.88872	-3.83914	0
9.05	1	3e-06	-0.371715	-0.93575	0	5.86064	-2.19498	0
9.1	1	3e-06	-0.0607128	-1.00026	0	6.27959	-0.309204	0
9.15	1	3e-06	0.256244	-0.96667	0	6.08627	1.62572	0
9.2	1	3e-06	0.547915	-0.837689	0	5.29421	3.404	0
9.25	1	3e-06	0.785665	-0.62627	0	3.99048	4.83779	0
9.3	1	3e-06	0.946963	-0.35391	0	2.32135	5.78528	0
9.35	1	3e-06	1.0178	-0.0477417	0	0.467136	6.16791	0
9.4	1	3e-06	0.993677	0.262881	0	-1.38558	5.97353	0
9.45	1	3e-06	0.879242	0.549611	0	-3.06711	5.24803	0
9.5	1	3e-06	0.686966	0.787683	0	-4.43938	4.08052	0
9.55	1	3e-06	0.435304	0.957663	0	-5.4023	2.58766	0
9.6	1	3e-06	0.146736	1.04645	0	-5.89411	0.900378	0
9.65	1	3e-06	-0.154106	1.0477	0	-5.88877	-0.845691	0
9.7	1	3e-06	-0.442141	0.96188	0	-5.39289	-2.51659	0
9.75	1	3e-06	-0.693395	0.796042	0	-4.44341	-3.98454	0
9.8	1	3e-06	-0.886482	0.563426	0	-3.10678	-5.13215	0
9.85	1	3e-06	-1.00407	0.282827	0	-1.47878	-5.85791	0
9.9	1	3e-06	-1.03436	-0.0223644	0	0.316089	-6.08389	0
9.95	1	3e-06	-0.972464	-0.325562	0	2.12784	-5.76603	0
10	1	3e-06	-0.821576	-0.598967	0	3.78924	-4.90566	0
10.05	1	3e-06	-0.59354	-0.816128	0	5.13075	-3.55941	0
10.1	1	3e-06	-0.308501	-0.954908	0	6.00208	-1.84298	0
10.15	1	3e-06	0.00666821	-1.00043	0	6.29681	0.0756872	0
10.2	1	3e-06	0.32118	-0.947339	0	5.97354	1.99587	0
10.25	1	3e-06	0.604022	-0.800839	0	5.06618	3.71313	0
10.3	1	3e-06	0.827798	-0.576026	0	3.67898	5.05052	0
10.35	1	3e-06	0.97192	-0.295787	0	1.96762	5.88321	0
10.4	1	3e-06	1.02456	0.0122942	0	0.112789	6.15034	0
10.45	1	3e-06	0.983199	0.319247	0	-1.70567	5.85382	0
10.5	1	3e-06	0.853992	0.597676	0	-3.32834	5.04774	0
10.55	1	3e-06	0.650364	0.824021	0	-4.62743	3.82386	0
10.6	1	3e-06	0.391249	0.980062	0	-5.51089	2.29771	0
10.65	1	3e-06	0.0992751	1.05379	0	-5.92212	0.597531	0
10.7	1	3e-06	-0.200962	1.03982	0	-5.83776	-1.14351	0
10.75	1	3e-06	-0.484501	0.939442	0	-5.26589	-2.79256	0
10.8	1	3e-06	-0.727551	0.760559	0	-4.24513	-4.22146	0
10.85	1	3e-06	-0.909015	0.517296	0	-2.84512	-5.3115	0
10.9	1	3e-06	-1.01206	0.229409	0	-1.16715	-5.96034	0
10.95	1	3e-06	-1.02573	-0.0787382	0	0.656489	-6.09157	0
11	1	3e-06	-0.946414	-0.379748	0	2.46715	-5.66677	0
11.05	1	3e-06	-0.779016	-0.645415	0	4.09058	-4.69808	0
11.1	1	3e-06	-0.537356	-0.849556	0	5.3553	-3.25738	0
11.15	1	3e-06	-0.243486	-0.971153	0	6.11685	-1.47692	0
11.2	1	3e-06	0.0743287	-0.997248	0	6.28293	0.462302	0
11.25	1	3e-06	0.384807	-0.924923	0	5.8318	2.35452	0
11.3	1	3e-06	0.657509	-0.761796	0	4.81722	4.00034	0
11.35	1	3e-06	0.866529	-0.524888	0	3.35794	5.23636	0
11.4	1	3e-06	0.993302	-0.23816	0	1.6156	5.95511	0
11.45	1	3e-06	1.02809	0.0706232	0	-0.23146	6.11197	0
11.5	1	3e-06	0.970156	0.373037	0	-2.01134	5.72041	0
11.55	1	3e-06	0.826955	0.642665	0	-3.5745	4.8404	0
11.6	1	3e-06	0.612706	0.857078	0	-4.80207	3.56493	0
11.65	1	3e-06	0.346748	0.999157	0	-5.60846	2.008	0
11.7	1	3e-06	0.0518609	1.05788	0	-5.94082	0.295666	0
11.75	1	3e-06	-0.247334	1.02872	0	-5.7778	-1.4403	0
11.8	1	3e-06	-0.525919	0.913847	0	-5.12888	-3.06699	0
11.85	1	3e-06	-0.760222	0.722025	0	-4.03504	-4.45476	0
11.9	1	3e-06	-0.929423	0.468372	0	-2.57035	-5.4831	0
11.95	1	3e-06	-1.01726	0.173715	0	-0.843163	-6.04914	0
12	1	3e-06	-1.01374	-0.136542	0	1.00518	-6.07923	0
12.05	1	3e-06	-0.916739	-0.434208	0	2.80689	-5.54272	0
12.1	1	3e-06	-0.73305	-0.690814	0	4.38171	-4.46498	0
12.15	1	3e-06	-0.478568	-0.880705	0	5.55869	-2.93465	0
12.2	1	3e-06	-0.177181	-0.984279	0	6.20255	-1.10033	0
12.25	1	3e-06	0.141687	-0.990738	0	6.23787	0.84625	0
12.3	1	3e-06	0.446606	-0.899655	0	5.66337	2.69796	0
12.35	1	3e-06	0.708024	-0.720942	0	4.55108	4.26389	0
12.4	1	3e-06	0.901714	-0.473266	0	3.03112	5.39581	0
12.45	1	3e-06	1.01114	-0.181362	0	1.26789	6.0032	0
12.5	1	3e-06	1.0285	0.127054	0	-0.564731	6.05565	0
12.55	1	3e-06	0.954663	0.424203	0	-2.30324	5.57575	0
12.6	1	3e-06	0.798179	0.684629	0	-3.80714	4.62743	0
12.65	1	3e-06	0.573949	0.886947	0	-4.96502	3.30394	0
12.7	1	3e-06	0.301676	1.01502	0	-5.69621	1.71779	0
12.75	1	3e-06	0.00432744	1.05873	0	-5.95058	-0.00642982	0
12.8	1	3e-06	-0.293381	1.01438	0	-5.70825	-1.7372	0
12.85	1	3e-06	-0.566498	0.885005	0	-4.98044	-3.34033	0
12.9	1	3e-06	-0.791425	0.680347	0	-3.81142	-4.68384	0
12.95	1	3e-06	-0.94764	0.416621	0	-2.28116	-5.6452	0
13	1	3e-06	-1.01954	0.115827	0	-0.506629	-6.12169	0
13.05	1	3e-06	-0.998303	-0.195549	0	1.36071	-6.04417	0
13.1	1	3e-06	-0.883471	-0.488591	0	3.14402	-5.39221	0
13.15	1	3e-06	-0.683901	-0.73477	0	4.65875	-4.20659	0
13.2	1	3e-06	-0.417595	-0.909249	0	5.73757	-2.59371	0
13.25	1	3e-06	-0.110144	-0.994141	0	6.25766	-0.717302	0
13.3	1	3e-06	0.208171	-0.98098	0	6.16257	1.22325	0
13.35	1	3e-06	0.506113	-0.871816	0	5.47124	3.02322	0
13.4	1	3e-06	0.755295	-0.678658	0	4.2716	4.50294	0
13.45	1	3e-06	0.933273	-0.421522	0	2.70185	5.53012	0
13.5	1	3e-06	1.02548	-0.125646	0	0.926349	6.02997	0
13.55	1	3e-06	1.02591	0.181475	0	-0.886819	5.98403	0
13.6	1	3e-06	0.936797	0.472757	0	-2.58243	5.42181	0
13.65	1	3e-06	0.767665	0.723656	0	-4.02792	4.4097	0
13.7	1	3e-06	0.534006	0.913728	0	-5.11779	3.04066	0
13.75	1	3e-06	0.255885	1.02772	0	-5.775	1.42607	0
13.8	1	3e-06	-0.0434938	1.05633	0	-5.95126	-0.310005	0
13.85	1	3e-06	-0.33924	0.996722	0	-5.62806	-2.0351	0
13.9	1	3e-06	-0.6063	0.852824	0	-4.81889	-3.61262	0
13.95	1	3e-06	-0.82113	0.63546	0	-3.57258	-4.90759	0
14	1	3e-06	-0.963558	0.362065	0	-1.9766	-5.79554	0
14.05	1	3e-06	-1.01879	0.0559056	0	-0.158008	-6.17514	0
14.1	1	3e-06	-0.979359	-0.255449	0	1.72087	-5.98392	0
14.15	1	3e-06	-0.846703	-0.542486	0	3.47495	-5.21421	0
14.2	1	3e-06	-0.631864	-0.77687	0	4.91781	-3.92411	0
14.25	1	3e-06	-0.354922	-0.934898	0	5.88913	-2.23785	0
14.3	1	3e-06	-0.0429505	-1.00066	0	6.28162	-0.3322	0
14.35	1	3e-06	0.27324	-0.968118	0	6.05888	1.58942	0
14.4	1	3e-06	0.562937	-0.841713	0	5.25885	3.32818	0
14.45	1	3e-06	0.799125	-0.635299	0	3.98247	4.71758	0
14.5	1	3e-06	0.961184	-0.369955	0	2.37284	5.64112	0
14.55	1	3e-06	1.03641	-0.0711874	0	0.592128	6.03801	0
14.6	1	3e-06	1.0204	0.233846	0	-1.19808	5.8995	0
14.65	1	3e-06	0.916601	0.518763	0	-2.85025	5.26008	0
14.7	1	3e-06	0.735372	0.759855	0	-4.23842	4.18757	0
14.75	1	3e-06	0.492759	0.937519	0	-5.2616	2.77448	0
14.8	1	3e-06	0.209212	1.0373	0	-5.8452	1.13166	0
14.85	1	3e-06	-0.091761	1.05069	0	-5.94227	-0.616242	0
14.9	1	3e-06	-0.385015	0.975678	0	-5.53578	-2.33461	0
14.95	1	3e-06	-0.645339	0.817224	0	-4.6424	-3.88342	0
15	1	3e-06	-0.849254	0.587336	0	-3.31696	-5.1243	0
15.05	1	3e-06	-0.977035	0.304795	0	-1.65615	-5.93143	0
15.1	1	3e-06	-1.01487	-0.00580665	0	0.20151	-6.20654	0
15.15	1	3e-06	-0.956884	-0.31586	0	2.08273	-5.89638	0
15.2	1	3e-06	-0.806597	-0.595445	0	3.7957	-5.00854	0
15.25	1	3e-06	-0.577313	-0.816713	0	5.15519	-3.61968	0
15.3	1	3e-06	-0.291078	-0.957413	0	6.0114	-1.871	0
15.35	1	3e-06	0.0238267	-1.00381	0	6.27487	0.0506482	0
15.4	1	3e-06	0.336409	-0.952348	0	5.9294	1.94153	0
15.45	1	3e-06	0.616767	-0.80966	0	5.02984	3.61164	0
15.5	1	3e-06	0.839393	-0.591184	0	3.68701	4.90866	0
15.55	1	3e-06	0.985468	-0.318793	0	2.04615	5.73098	0
15.6	1	3e-06	1.04401	-0.0180856	0	0.265707	6.02983	0
15.65	1	3e-06	1.01204	0.28419	0	-1.49932	5.80404	0
15.7	1	3e-06	0.894076	0.562318	0	-3.10815	5.09155	0
15.75	1	3e-06	0.701223	0.793345	0	-4.44008	3.96092	0
15.8	1	3e-06	0.450068	0.95841	0	-5.3973	2.50445	0
15.85	1	3e-06	0.161493	1.04379	0	-5.90677	0.833293	0
15.9	1	3e-06	-0.140609	1.04174	0	-5.92257	-0.92617	0
15.95	1	3e-06	-0.430764	0.951173	0	-5.42965	-2.63594	0
16	1	3e-06	-0.683574	0.778146	0	-4.44902	-4.15173	0
16.05	1	3e-06	-0.875666	0.536	0	-3.04326	-5.33173	0
16.1	1	3e-06	-0.987899	0.244973	0	-1.31997	-6.04985	0
16.15	1	3e-06	-1.00766	-0.0689848	0	0.569942	-6.21307	0
16.2	1	3e-06	-0.930905	-0.376334	0	2.44272	-5.78009	0
16.25	1	3e-06	-0.763391	-0.646994	0	4.10218	-4.77595	0
16.3	1	3e-06	-0.520688	-0.853929	0	5.36773	-3.29629	0
16.35	1	3e-06	-0.226618	-0.976624	0	6.10333	-1.4974	0
16.4	1	3e-06	0.089646	-1.00367	0	6.23881	0.427239	0
16.45	1	3e-06	0.397263	-0.9339	0	5.77725	2.27715	0
16.5	1	3e-06	0.667371	-0.775954	0	4.78778	3.87327	0
16.55	1	3e-06	0.87604	-0.546573	0	3.38802	5.07762	0
16.6	1	3e-06	1.00617	-0.268192	0	1.72314	5.80205	0
16.65	1	3e-06	1.04835	0.0336321	0	-0.0530009	6.00772	0
16.7	1	3e-06	1.00087	0.33258	0	-1.79163	5.69916	0
16.75	1	3e-06	0.869191	0.603549	0	-3.35761	4.91666	0
16.8	1	3e-06	0.665111	0.824246	0	-4.63411	3.72923	0
16.85	1	3e-06	0.40578	0.976472	0	-5.52535	2.22942	0
16.9	1	3e-06	0.112577	1.04719	0	-5.95917	0.529694	0
16.95	1	3e-06	-0.190137	1.02944	0	-5.8907	-1.24056	0
17	1	3e-06	-0.476493	0.923133	0	-5.30766	-2.93881	0
17.05	1	3e-06	-0.720903	0.73556	0	-4.23694	-4.41596	0
17.1	1	3e-06	-0.900187	0.481537	0	-2.75065	-5.52714	0
17.15	1	3e-06	-0.995968	0.182846	0	-0.968928	-6.14762	0
17.2	1	3e-06	-0.99708	-0.133225	0	0.944523	-6.19225	0
17.25	1	3e-06	-0.901516	-0.436379	0	2.79683	-5.63442	0
17.3	1	3e-06	-0.717396	-0.696667	0	4.39043	-4.51818	0
17.35	1	3e-06	-0.462473	-0.888198	0	5.55302	-2.95763	0
17.4	1	3e-06	-0.162095	-0.99243	0	6.1649	-1.12138	0
17.45	1	3e-06	0.154017	-1.00034	0	6.17562	0.794137	0
17.5	1	3e-06	0.455467	-0.913016	0	5.6058	2.59472	0
17.55	1	3e-06	0.714597	-0.740863	0	4.53591	4.11352	0
17.6	1	3e-06	0.909059	-0.501665	0	3.08768	5.22631	0
17.65	1	3e-06	1.02337	-0.218233	0	1.40454	5.85664	0
17.7	1	3e-06	1.04951	0.0839994	0	-0.364544	5.97361	0
17.75	1	3e-06	0.986911	0.379128	0	-2.07631	5.58593	0
17.8	1	3e-06	0.841882	0.642592	0	-3.60001	4.73542	0
17.85	1	3e-06	0.62691	0.85267	0	-4.8214	3.49163	0
17.9	1	3e-06	0.359742	0.991755	0	-5.64575	1.94808	0
17.95	1	3e-06	0.0623353	1.04748	0	-6.00137	0.219699	0
18	1	3e-06	-0.240396	1.01372	0	-5.84481	-1.55981	0
18.05	1	3e-06	-0.522146	0.891497	0	-5.1677	-3.24241	0
18.1	1	3e-06	-0.757166	0.689483	0	-4.00453	-4.67393	0
18.15	1	3e-06	-0.922599	0.424104	0	-2.43893	-5.7074	0
18.2	1	3e-06	-1.00106	0.118743	0	-0.60474	-6.2216	0
18.25	1	3e-06	-0.983073	-0.198057	0	1.32178	-6.14218	0
18.3	1	3e-06	-0.86888	-0.495475	0	3.14083	-5.45967	0
18.35	1	3e-06	-0.66899	-0.744024	0	4.65697	-4.23789	0
18.4	1	3e-06	-0.403184	-0.919264	0	5.70956	-2.60777	0
18.45	1	3e-06	-0.098034	-1.0048	0	6.19702	-0.746984	0
18.5	1	3e-06	0.216519	-0.993962	0	6.08806	1.14865	0
18.55	1	3e-06	0.510772	-0.889935	0	5.41844	2.89354	0
18.6	1	3e-06	0.758363	-0.704608	0	4.27708	4.33346	0
18.65	1	3e-06	0.93848	-0.45659	0	2.78754	5.35679	0
18.7	1	3e-06	1.03712	-0.168929	0	1.0905	5.89691	0
18.75	1	3e-06	1.04753	0.133101	0	-0.669816	5.92904	0
18.8	1	3e-06	0.970135	0.423975	0	-2.35471	5.46487	0
18.85	1	3e-06	0.812059	0.679588	0	-3.83654	4.54737	0
18.9	1	3e-06	0.586482	0.878712	0	-5.00247	3.24695	0
18.95	1	3e-06	0.311813	1.00428	0	-5.75803	1.65904	0
19	1	3e-06	0.0106787	1.04462	0	-6.03192	-0.0976493	0
19.05	1	3e-06	-0.29138	0.994518	0	-5.78278	-1.88387	0
19.1	1	3e-06	-0.567599	0.856229	0	-5.00764	-3.54531	0
19.15	1	3e-06	-0.792144	0.639987	0	-3.75063	-4.9229	0
19.2	1	3e-06	-0.942662	0.363938	0	-2.10863	-5.86911	0
19.25	1	3e-06	-1.00301	0.053076	0	-0.229951	-6.26895	0
19.3	1	3e-06	-0.965657	-0.262956	0	1.69772	-6.06175	0
19.35	1	3e-06	-0.833235	-0.553099	0	3.47057	-5.25714	0
19.4	1	3e-06	-0.6186	-0.78867	0	4.89898	-3.93844	0
19.45	1	3e-06	-0.343336	-0.946944	0	5.83685	-2.25095	0
19.5	1	3e-06	-0.0349149	-1.01377	0	6.20144	-0.377801	0
19.55	1	3e-06	0.276808	-0.984724	0	5.97919	1.48892	0
19.6	1	3e-06	0.563005	-0.864873	0	5.21834	3.17368	0
19.65	1	3e-06	0.798642	-0.667355	0	4.01356	4.53461	0
19.7	1	3e-06	0.964361	-0.411412	0	2.48854	5.47118	0
19.75	1	3e-06	1.0475	-0.120238	0	0.780702	5.92473	0
19.8	1	3e-06	1.04243	0.181061	0	-0.969944	5.8751	0
19.85	1	3e-06	0.950501	0.467272	0	-2.62814	5.33607	0
19.9	1	3e-06	0.779616	0.714668	0	-4.06812	4.35168	0
19.95	1	3e-06	0.543689	0.90244	0	-5.17739	2.99383	0
20	1	3e-06	0.261877	1.01405	0	-5.86123	1.36101	0
20.05	1	3e-06	-0.0424339	1.03854	0	-6.04892	-0.422981	0
20.1	1	3e-06	-0.343015	0.971753	0	-5.70228	-2.21214	0
20.15	1	3e-06	-0.612661	0.817327	0	-4.82557	-3.84541	0
20.2	1	3e-06	-0.825572	0.587212	0	-3.47462	-5.15965	0
20.25	1	3e-06	-0.960124	0.301362	0	-1.76114	-6.00887	0
20.3	1	3e-06	-1.00169	-0.0136752	0	0.152124	-6.28732	0
20.35	1	3e-06	-0.944911	-0.32737	0	2.06804	-5.95081	0
20.4	1	3e-06	-0.794882	-0.608756	0	3.78227	-5.02908	0
20.45	1	3e-06	-0.566684	-0.830278	0	5.11455	-3.62371	0
20.5	1	3e-06	-0.283426	-0.971127	0	5.93534	-1.89124	0
20.55	1	3e-06	0.0268499	-1.0194	0	6.18054	-0.0167207	0
20.6	1	3e-06	0.334627	-0.972799	0	5.8522	1.8139	0
20.65	1	3e-06	0.61207	-0.838011	0	5.0083	3.43587	0
20.7	1	3e-06	0.835457	-0.629213	0	3.74703	4.71876	0
20.75	1	3e-06	0.986773	-0.366135	0	2.19103	5.57148	0
20.8	1	3e-06	1.05456	-0.0720644	0	0.474438	5.94164	0
20.85	1	3e-06	1.03422	0.228029	0	-1.26618	5.81239	0
20.9	1	3e-06	0.927942	0.509175	0	-2.89782	5.19914	0
20.95	1	3e-06	0.744435	0.747943	0	-4.29536	4.1472	0
21	1	3e-06	0.498407	0.923895	0	-5.3458	2.7308	0
21.05	1	3e-06	0.209856	1.02102	0	-5.9539	1.0528	0
21.1	1	3e-06	-0.096983	1.02917	0	-6.05012	-0.756485	0
21.15	1	3e-06	-0.395157	0.945374	0	-5.60093	-2.54336	0
21.2	1	3e-06	-0.657076	0.774839	0	-4.61992	-4.14001	0
21.25	1	3e-06	-0.857149	0.531373	0	-3.17668	-5.38063	0
21.3	1	3e-06	-0.974744	0.236776	0	-1.39873	-6.12347	0
21.35	1	3e-06	-0.997022	-0.0809741	0	0.537563	-6.27516	0
21.4	1	3e-06	-0.920988	-0.39074	0	2.42844	-5.81019	0
21.45	1	3e-06	-0.754178	-0.661993	0	4.07278	-4.77852	0
21.5	1	3e-06	-0.51371	-0.868592	0	5.30272	-3.29778	0
21.55	1	3e-06	-0.223905	-0.99177	0	6.00635	-1.53227	0
21.6	1	3e-06	0.0869247	-1.02182	0	6.13705	0.334131	0
21.65	1	3e-06	0.3898	-0.958357	0	5.71011	2.12333	0
21.7	1	3e-06	0.657936	-0.809485	0	4.79064	3.68129	0
21.75	1	3e-06	0.868864	-0.590229	0	3.47859	4.8878	0
21.8	1	3e-06	1.00579	-0.320705	0	1.89489	5.6595	0
21.85	1	3e-06	1.05835	-0.0242784	0	0.170729	5.94873	0
21.9	1	3e-06	1.02287	0.274168	0	-1.55979	5.74107	0
21.95	1	3e-06	0.902374	0.549829	0	-3.1647	5.05329	0
22	1	3e-06	0.706398	0.779497	0	-4.51842	3.93249	0
22.05	1	3e-06	0.450532	0.943078	0	-5.50679	2.45637	0
22.1	1	3e-06	0.155719	1.02513	0	-6.03411	0.73355	0
22.15	1	3e-06	-0.15288	1.01643	0	-6.03303	-1.0978	0
22.2	1	3e-06	-0.447584	0.915354	0	-5.4765	-2.87559	0
22.25	1	3e-06	-0.700529	0.728873	0	-4.38971	-4.42588	0
22.3	1	3e-06	-0.886555	0.472766	0	-2.85783	-5.58218	0
22.35	1	3e-06	-0.986312	0.170655	0	-1.02451	-6.21016	0
22.4	1	3e-06	-0.989006	-0.148251	0	0.922069	-6.23181	0
22.45	1	3e-06	-0.894105	-0.452527	0	2.77493	-5.6417	0
22.5	1	3e-06	-0.711514	-0.71242	0	4.33979	-4.50905	0
22.55	1	3e-06	-0.460127	-0.903431	0	5.4635	-2.96463	0
22.6	1	3e-06	-0.165164	-1.00888	0	6.05183	-1.17709	0
22.65	1	3e-06	0.145056	-1.02114	0	6.07391	0.673421	0
22.7	1	3e-06	0.442227	-0.941541	0	5.55566	2.41757	0
22.75	1	3e-06	0.700622	-0.779383	0	4.56715	3.91144	0
22.8	1	3e-06	0.898942	-0.550397	0	3.20879	5.04359	0
22.85	1	3e-06	1.0215	-0.275024	0	1.59959	5.73673	0
22.9	1	3e-06	1.0589	0.0232762	0	-0.131582	5.94667	0
22.95	1	3e-06	1.00834	0.319643	0	-1.85198	5.6608	0
23	1	3e-06	0.873702	0.589356	0	-3.42947	4.89734	0
23.05	1	3e-06	0.665395	0.809377	0	-4.73705	3.70597	0
23.1	1	3e-06	0.399997	0.959953	0	-5.65897	2.16915	0
23.15	1	3e-06	0.0994986	1.02629	0	-6.09955	0.402794	0
23.2	1	3e-06	-0.209958	1.00023	0	-5.99503	-1.4459	0
23.25	1	3e-06	-0.500004	0.881702	0	-5.32705	-3.20624	0
23.3	1	3e-06	-0.742663	0.679609	0	-4.1347	-4.69934	0
23.35	1	3e-06	-0.913474	0.411768	0	-2.52003	-5.76079	0
23.4	1	3e-06	-0.994666	0.10353	0	-0.642253	-6.26694	0
23.45	1	3e-06	-0.977699	-0.214926	0	1.30126	-6.15765	0
23.5	1	3e-06	-0.864539	-0.512235	0	3.10406	-5.44798	0
23.55	1	3e-06	-0.667294	-0.759724	0	4.58192	-4.22453	0
23.6	1	3e-06	-0.406347	-0.934688	0	5.59775	-2.62793	0
23.65	1	3e-06	-0.107519	-1.02252	0	6.0742	-0.828051	0
23.7	1	3e-06	0.201073	-1.01749	0	5.99396	1.00056	0
23.75	1	3e-06	0.491877	-0.922461	0	5.39118	2.69751	0
23.8	1	3e-06	0.740191	-0.747742	0	4.33905	4.12801	0
23.85	1	3e-06	0.925782	-0.50966	0	2.93766	5.18782	0
23.9	1	3e-06	1.03396	-0.22896	0	1.30428	5.80428	0
23.95	1	3e-06	1.05621	0.0707672	0	-0.433738	5.93567	0
24	1	3e-06	0.990583	0.364607	0	-2.14381	5.57081	0
24.05	1	3e-06	0.841829	0.627849	0	-3.69245	4.72982	0
24.1	1	3e-06	0.621338	0.837589	0	-4.95046	3.46599	0
24.15	1	3e-06	0.346783	0.974447	0	-5.80042	1.86801	0
24.2	1	3e-06	0.041296	1.02439	0	-6.14756	0.0606158	0
24.25	1	3e-06	-0.267973	0.980509	0	-5.93355	-1.79907	0
24.3	1	3e-06	-0.552059	0.844483	0	-5.15118	-3.53207	0
24.35	1	3e-06	-0.783091	0.627302	0	-3.85552	-4.95654	0
24.4	1	3e-06	-0.937611	0.348829	0	-2.1661	-5.91333	0
24.45	1	3e-06	-0.999702	0.0359692	0	-0.256188	-6.29266	0
24.5	1	3e-06	-0.96323	-0.280437	0	1.67098	-6.054	0
24.55	1	3e-06	-0.832604	-0.569431	0	3.41318	-5.2323	0
24.6	1	3e-06	-0.621912	-0.803667	0	4.79876	-3.92885	0
24.65	1	3e-06	-0.352727	-0.962316	0	5.70703	-2.29083	0
24.7	1	3e-06	-0.051209	-1.03275	0	6.07608	-0.486727	0
24.75	1	3e-06	0.254881	-1.01099	0	5.89985	1.3156	0
24.8	1	3e-06	0.538776	-0.90119	0	5.2185	2.96438	0
24.85	1	3e-06	0.776731	-0.714551	0	4.10703	4.33267	0
24.9	1	3e-06	0.949478	-0.467923	0	2.66483	5.32194	0
24.95	1	3e-06	1.04321	-0.182357	0	1.00786	5.86285	0
25	1	3e-06	1.05026	0.118362	0	-0.736965	5.91544	0
25.05	1	3e-06	0.969518	0.409187	0	-2.43604	5.46994	0
25.1	1	3e-06	0.80666	0.665356	0	-3.95349	4.54903	0
25.15	1	3e-06	0.574168	0.864089	0	-5.15732	3.21092	0
25.2	1	3e-06	0.290928	0.986449	0	-5.92877	1.55219	0
25.25	1	3e-06	-0.0187085	1.01931	0	-6.1753	-0.292241	0
25.3	1	3e-06	-0.326602	0.957225	0	-5.84631	-2.15482	0
25.35	1	3e-06	-0.60334	0.803827	0	-4.94824	-3.84936	0
25.4	1	3e-06	-0.821426	0.572289	0	-3.55375	-5.19369	0
25.45	1	3e-06	-0.958714	0.284458	0	-1.79962	-6.03734	0
25.5	1	3e-06	-1.00139	-0.031445	0	0.129292	-6.28721	0
25.55	1	3e-06	-0.945785	-0.344262	0	2.02757	-5.9231	0
25.6	1	3e-06	-0.798631	-0.623756	0	3.70055	-4.99826	0
25.65	1	3e-06	-0.575731	-0.844088	0	4.99073	-3.62562	0
25.7	1	3e-06	-0.299558	-0.986318	0	5.79338	-1.95582	0
25.75	1	3e-06	0.00360792	-1.03967	0	6.06015	-0.153994	0
25.8	1	3e-06	0.306457	-1.00172	0	5.79386	1.61912	0
25.85	1	3e-06	0.582994	-0.877758	0	5.03895	3.21961	0
25.9	1	3e-06	0.810352	-0.679756	0	3.87127	4.52702	0
25.95	1	3e-06	0.970121	-0.425056	0	2.38953	5.44707	0
26	1	3e-06	1.04931	-0.135049	0	0.709124	5.91271	0
26.05	1	3e-06	1.04103	0.166215	0	-1.04239	5.88525	0
26.1	1	3e-06	0.945067	0.453476	0	-2.72915	5.35665	0
26.15	1	3e-06	0.768118	0.70188	0	-4.21195	4.35313	0
26.2	1	3e-06	0.523871	0.888789	0	-5.35577	2.93936	0
26.25	1	3e-06	0.232541	0.995816	0	-6.04124	1.22146	0
26.3	1	3e-06	-0.0802523	1.01094	0	-6.17991	-0.654282	0
26.35	1	3e-06	-0.385451	0.930388	0	-5.7315	-2.51	0
26.4	1	3e-06	-0.653403	0.759936	0	-4.71842	-4.1541	0
26.45	1	3e-06	-0.857293	0.514977	0	-3.23189	-5.40731	0
26.5	1	3e-06	-0.976591	0.219204	0	-1.42468	-6.13123	0
26.55	1	3e-06	-0.999761	-0.0981454	0	0.509936	-6.25145	0
26.6	1	3e-06	-0.925598	-0.40594	0	2.36808	-5.76784	0
26.65	1	3e-06	-0.762953	-0.67493	0	3.96531	-4.74956	0
26.7	1	3e-06	-0.529066	-0.880896	0	5.159	-3.31803	0
26.75	1	3e-06	-0.247053	-1.00673	0	5.85916	-1.62471	0
26.8	1	3e-06	0.0568498	-1.04337	0	6.02889	0.169914	0
26.85	1	3e-06	0.355835	-0.989741	0	5.67785	1.9121	0
26.9	1	3e-06	0.624635	-0.852157	0	4.85333	3.46475	0
26.95	1	3e-06	0.841168	-0.643267	0	3.63151	4.71246	0
27	1	3e-06	0.987786	-0.38091	0	2.11076	5.56395	0
27.05	1	3e-06	1.05224	-0.0868717	0	0.406802	5.95362	0
27.1	1	3e-06	1.02847	0.214452	0	-1.35093	5.84394	0
27.15	1	3e-06	0.917151	0.497522	0	-3.02316	5.22914	0
27.2	1	3e-06	0.72615	0.737366	0	-4.46663	4.14028	0
27.25	1	3e-06	0.470488	0.91155	0	-5.54341	2.65023	0
27.3	1	3e-06	0.171809	1.00239	0	-6.1348	0.87626	0
27.35	1	3e-06	-0.142992	0.999176	0	-6.15876	-1.02323	0
27.4	1	3e-06	-0.444068	0.900065	0	-5.58801	-2.86088	0
27.45	1	3e-06	-0.701793	0.713087	0	-4.4629	-4.44228	0
27.5	1	3e-06	-0.890358	0.455837	0	-2.89325	-5.59455	0
27.55	1	3e-06	-0.991117	0.153632	0	-1.04561	-6.19438	0
27.6	1	3e-06	-0.994919	-0.163602	0	0.881917	-6.18715	0
27.65	1	3e-06	-0.902926	-0.465083	0	2.69042	-5.59153	0
27.7	1	3e-06	-0.725877	-0.722754	0	4.20751	-4.48974	0
27.75	1	3e-06	-0.482174	-0.914057	0	5.30523	-3.00869	0
27.8	1	3e-06	-0.195354	-1.02362	0	5.90678	-1.2986	0
27.85	1	3e-06	0.108504	-1.04392	0	5.98452	0.485307	0
27.9	1	3e-06	0.403098	-0.975092	0	5.55321	2.19577	0
27.95	1	3e-06	0.663824	-0.82434	0	4.66192	3.70127	0
28	1	3e-06	0.86929	-0.604966	0	3.38709	4.89011	0
28.05	1	3e-06	1.00253	-0.335329	0	1.82729	5.67289	0
28.1	1	3e-06	1.05202	-0.037677	0	0.0996729	5.98491	0
28.15	1	3e-06	1.0125	0.263162	0	-1.6632	5.78993	0
28.2	1	3e-06	0.885699	0.541316	0	-3.31759	5.0854	0
28.25	1	3e-06	0.680741	0.771702	0	-4.71573	3.90877	0
28.3	1	3e-06	0.414126	0.932193	0	-5.7174	2.34296	0
28.35	1	3e-06	0.109001	1.006	0	-6.20634	0.517788	0
28.4	1	3e-06	-0.206507	0.983972	0	-6.10963	-1.39607	0
28.45	1	3e-06	-0.501961	0.866391	0	-5.41559	-3.20339	0
28.5	1	3e-06	-0.748066	0.663633	0	-4.1838	-4.71013	0
28.55	1	3e-06	-0.920342	0.395378	0	-2.54171	-5.75337	0
28.6	1	3e-06	-1.00224	0.0882967	0	-0.666693	-6.2272	0
28.65	1	3e-06	-0.987011	-0.227342	0	1.24206	-6.09682	0
28.7	1	3e-06	-0.878032	-0.521385	0	2.99338	-5.39763	0
28.75	1	3e-06	-0.687673	-0.767105	0	4.4279	-4.22197	0
28.8	1	3e-06	-0.435242	-0.943582	0	5.43147	-2.69955	0
28.85	1	3e-06	-0.144526	-1.03706	0	5.93857	-0.977979	0
28.9	1	3e-06	0.158615	-1.04138	0	5.92889	0.792911	0
28.95	1	3e-06	0.448364	-0.957769	0	5.4208	2.47149	0
29	1	3e-06	0.700695	-0.794231	0	4.46457	3.93052	0
29.05	1	3e-06	0.894821	-0.564718	0	3.13703	5.06075	0
29.1	1	3e-06	1.0144	-0.288157	0	1.53781	5.77374	0
29.15	1	3e-06	1.0486	0.0126561	0	-0.213332	6.00543	0
29.2	1	3e-06	0.993065	0.312386	0	-1.97944	5.72133	0
29.25	1	3e-06	0.850658	0.584789	0	-3.6114	4.92336	0
29.3	1	3e-06	0.631926	0.804722	0	-4.95689	3.65721	0
29.35	1	3e-06	0.354969	0.95051	0	-5.87453	2.01764	0
29.4	1	3e-06	0.0444722	1.00649	0	-6.25286	0.14808	0
29.45	1	3e-06	-0.270317	0.965318	0	-6.03095	-1.76911	0
29.5	1	3e-06	-0.558622	0.829574	0	-5.21498	-3.53332	0
29.55	1	3e-06	-0.791815	0.611986	0	-3.88411	-4.95441	0
29.6	1	3e-06	-0.947033	0.334133	0	-2.1815	-5.88267	0
29.65	1	3e-06	-1.00997	0.0237188	0	-0.291853	-6.23099	0
29.7	1	3e-06	-0.976219	-0.288966	0	1.58797	-5.98343	0
29.75	1	3e-06	-0.851168	-0.574624	0	3.2766	-5.18956	0
29.8	1	3e-06	-0.648558	-0.807921	0	4.62781	-3.94891	0
29.85	1	3e-06	-0.388387	-0.969514	0	5.53988	-2.39195	0
29.9	1	3e-06	-0.0945698	-1.04712	0	5.95667	-0.662794	0
29.95	1	3e-06	0.207279	-1.03579	0	5.86341	1.09375	0
30	1	3e-06	0.491772	-0.937741	0	5.28102	2.74064	0
30.05	1	3e-06	0.735381	-0.76173	0	4.2607	4.15362	0
30.1	1	3e-06	0.917842	-0.522378	0	2.88012	5.22474	0
30.15	1	3e-06	1.02339	-0.239255	0	1.24098	5.86586	0
30.2	1	3e-06	1.04194	0.0642082	0	-0.533028	6.01357	0
30.25	1	3e-06	0.970091	0.362101	0	-2.29937	5.63596	0
30.3	1	3e-06	0.812003	0.627804	0	-3.90292	4.74103	0
30.35	1	3e-06	0.579799	0.836204	0	-5.18722	3.38466	0
30.4	1	3e-06	0.293281	0.966271	0	-6.01147	1.67515	0
30.45	1	3e-06	-0.0213479	1.00372	0	-6.27176	-0.230021	0
30.5	1	3e-06	-0.333895	0.943269	0	-5.92201	-2.13825	0
30.55	1	3e-06	-0.613549	0.789894	0	-4.98788	-3.84665	0
30.6	1	3e-06	-0.832682	0.558604	0	-3.56745	-5.17269	0
30.65	1	3e-06	-0.970294	0.272625	0	-1.81685	-5.98239	0
30.7	1	3e-06	-1.01437	-0.0396352	0	0.0755539	-6.20782	0
30.75	1	3e-06	-0.962739	-0.348156	0	1.91812	-5.85018	0
30.8	1	3e-06	-0.822555	-0.624653	0	3.54047	-4.97041	0
30.85	1	3e-06	-0.608691	-0.845197	0	4.80893	-3.67264	0
30.9	1	3e-06	-0.341662	-0.991917	0	5.63263	-2.08657	0
30.95	1	3e-06	-0.0454288	-1.05385	0	5.96286	-0.352539	0
31	1	3e-06	0.254624	-1.02717	0	5.78902	1.38905	0
31.05	1	3e-06	0.533473	-0.914949	0	5.1338	3.00453	0
31.1	1	3e-06	0.768004	-0.726718	0	4.04936	4.37141	0
31.15	1	3e-06	0.938409	-0.477808	0	2.61497	5.38203	0
31.2	1	3e-06	1.0295	-0.188515	0	0.935576	5.94815	0
31.25	1	3e-06	1.03197	0.117007	0	-0.859859	6.00736	0
31.3	1	3e-06	0.943515	0.412221	0	-2.62213	5.53155	0
31.35	1	3e-06	0.769753	0.670163	0	-4.18985	4.53667	0
31.4	1	3e-06	0.52453	0.865888	0	-5.40342	3.09085	0
31.45	1	3e-06	0.229412	0.979248	0	-6.12491	1.31724	0
31.5	1	3e-06	-0.0879616	0.997612	0	-6.26103	-0.612963	0
31.55	1	3e-06	-0.396692	0.917952	0	-5.78309	-2.49918	0
31.6	1	3e-06	-0.66627	0.747694	0	-4.73689	-4.13984	0
31.65	1	3e-06	-0.870381	0.503968	0	-3.23786	-5.36342	0
31.7	1	3e-06	-0.990056	0.211351	0	-1.45171	-6.05337	0
31.75	1	3e-06	-1.01555	-0.10137	0	0.432905	-6.16031	0
31.8	1	3e-06	-0.946766	-0.40468	0	2.2318	-5.70029	0
31.85	1	3e-06	-0.792373	-0.671399	0	3.78596	-4.74286	0
31.9	1	3e-06	-0.568169	-0.878965	0	4.97319	-3.39465	0
31.95	1	3e-06	-0.295054	-1.01086	0	5.7117	-1.78359	0
32	1	3e-06	0.00300016	-1.05732	0	5.95857	-0.0463697	0
32.05	1	3e-06	0.300803	-1.0155	0	5.70617	1.68009	0
32.1	1	3e-06	0.573617	-0.889315	0	4.97859	3.2643	0
32.15	1	3e-06	0.798663	-0.68907	0	3.82931	4.58433	0
32.2	1	3e-06	0.956549	-0.430882	0	2.34013	5.53206	0
32.25	1	3e-06	1.03268	-0.135865	0	0.620564	6.01901	0
32.3	1	3e-06	1.01861	0.171019	0	-1.19379	5.9845	0
32.35	1	3e-06	0.913296	0.462585	0	-2.94624	5.40582	0
32.4	1	3e-06	0.723981	0.711601	0	-4.46933	4.30898	0
32.45	1	3e-06	0.466363	0.893483	0	-5.60194	2.7763	0
32.5	1	3e-06	0.163788	0.989231	0	-6.21187	0.946501	0
32.55	1	3e-06	-0.154823	0.988133	0	-6.2195	-0.996666	0
32.6	1	3e-06	-0.458162	0.889565	0	-5.61543	-2.8477	0
32.65	1	3e-06	-0.716367	0.703363	0	-4.46535	-4.41008	0
32.7	1	3e-06	-0.904698	0.448557	0	-2.89945	-5.52608	0
32.75	1	3e-06	-1.00631	0.150755	0	-1.08957	-6.09726	0
32.8	1	3e-06	-1.01365	-0.161169	0	0.778378	-6.09137	0
32.85	1	3e-06	-0.928474	-0.458382	0	2.52903	-5.53676	0
32.9	1	3e-06	-0.760752	-0.714845	0	4.01445	-4.50907	0
32.95	1	3e-06	-0.527028	-0.90929	0	5.12254	-3.11582	0
33	1	3e-06	-0.248498	-1.02643	0	5.77883	-1.48269	0
33.05	1	3e-06	0.050855	-1.05756	0	5.94477	0.256792	0
33.1	1	3e-06	0.345979	-1.00075	0	5.61486	1.96815	0
33.15	1	3e-06	0.612341	-0.860743	0	4.8145	3.52083	0
33.2	1	3e-06	0.827429	-0.648665	0	3.59911	4.79241	0
33.25	1	3e-06	0.972252	-0.381502	0	2.05417	5.67377	0
33.3	1	3e-06	1.03285	-0.0812888	0	0.295253	6.07641	0
33.35	1	3e-06	1.00178	0.226139	0	-1.53421	5.9425	0
33.4	1	3e-06	0.879426	0.512961	0	-3.26951	5.25669	0
33.45	1	3e-06	0.674825	0.751808	0	-4.73797	4.05729	0
33.5	1	3e-06	0.405629	0.918689	0	-5.7792	2.4424	0
33.55	1	3e-06	0.0969052	0.996048	0	-6.2699	0.566311	0
33.6	1	3e-06	-0.221361	0.975321	0	-6.14694	-1.37678	0
33.65	1	3e-06	-0.517789	0.85837	0	-5.42124	-3.18	0
33.7	1	3e-06	-0.763486	0.65732	0	-4.17703	-4.65543	0
33.75	1	3e-06	-0.935492	0.392827	0	-2.55618	-5.66105	0
33.8	1	3e-06	-1.0191	0.0912153	0	-0.733227	-6.11628	0
33.85	1	3e-06	-1.00881	-0.218801	0	1.11095	-6.004	0
33.9	1	3e-06	-0.908009	-0.509185	0	2.81044	-5.36225	0
33.95	1	3e-06	-0.727771	-0.755026	0	4.2276	-4.27065	0
34	1	3e-06	-0.485249	-0.93625	0	5.25884	-2.83651	0
34.05	1	3e-06	-0.201886	-1.03868	0	5.83544	-1.18319	0
34.1	1	3e-06	0.0982951	-1.05457	0	5.92198	0.558159	0
34.15	1	3e-06	0.390311	-0.98286	0	5.51461	2.25438	0
34.2	1	3e-06	0.649756	-0.829131	0	4.64027	3.77467	0
34.25	1	3e-06	0.854338	-0.605394	0	3.35716	4.99521	0
34.3	1	3e-06	0.985472	-0.32961	0	1.75586	5.80559	0
34.35	1	3e-06	1.02992	-0.0248342	0	-0.0405931	6.11793	0
34.4	1	3e-06	0.981413	0.282183	0	-1.87983	5.87882	0
34.45	1	3e-06	0.841942	0.563047	0	-3.58913	5.08248	0
34.5	1	3e-06	0.622499	0.790431	0	-4.99207	3.78171	0
34.55	1	3e-06	0.342734	0.941218	0	-5.93187	2.09146	0
34.6	1	3e-06	0.029312	0.999577	0	-6.29737	0.180648	0
34.65	1	3e-06	-0.287003	0.959283	0	-6.04414	-1.74898	0
34.7	1	3e-06	-0.575102	0.824679	0	-5.20348	-3.49295	0
34.75	1	3e-06	-0.807351	0.609988	0	-3.87589	-4.8749	0
34.8	1	3e-06	-0.962691	0.337189	0	-2.21156	-5.76954	0
34.85	1	3e-06	-1.02851	0.0330334	0	-0.384746	-6.11303	0
34.9	1	3e-06	-1.00117	-0.274114	0	1.4303	-5.90106	0
34.95	1	3e-06	-0.885476	-0.557072	0	3.07712	-5.17893	0
35	1	3e-06	-0.693454	-0.792007	0	4.42715	-4.02862	0
35.05	1	3e-06	-0.442761	-0.959934	0	5.38376	-2.55656	0
35.1	1	3e-06	-0.155078	-1.04766	0	5.88251	-0.884145	0
35.15	1	3e-06	0.145489	-1.04835	0	5.89024	0.858981	0
35.2	1	3e-06	0.433946	-0.961765	0	5.40453	2.53974	0
35.25	1	3e-06	0.685942	-0.794375	0	4.45435	4.02596	0
35.3	1	3e-06	0.879381	-0.55917	0	3.10187	5.19175	0
35.35	1	3e-06	0.99613	-0.2752	0	1.44422	5.92549	0
35.4	1	3e-06	1.0238	0.0333788	0	-0.386625	6.14092	0
35.45	1	3e-06	0.957467	0.338892	0	-2.22863	5.79104	0
35.5	1	3e-06	0.80094	0.612483	0	-3.90171	4.8821	0
35.55	1	3e-06	0.567296	0.827102	0	-5.22784	3.48327	0
35.6	1	3e-06	0.278156	0.96081	0	-6.05711	1.72661	0
35.65	1	3e-06	-0.0384151	0.999764	0	-6.29357	-0.206162	0
35.7	1	3e-06	-0.351201	0.940194	0	-5.91285	-2.10926	0
35.75	1	3e-06	-0.6297	0.788838	0	-4.96562	-3.78424	0
35.8	1	3e-06	-0.847762	0.56177	0	-3.56579	-5.06846	0
35.85	1	3e-06	-0.986279	0.281992	0	-1.86854	-5.8534	0
35.9	1	3e-06	-1.03462	-0.02357	0	-0.0454323	-6.09025	0
35.95	1	3e-06	-0.990823	-0.327033	0	1.73676	-5.78512	0
36	1	3e-06	-0.86094	-0.602082	0	3.33044	-4.9885	0
36.05	1	3e-06	-0.657779	-0.825883	0	4.61482	-3.78349	0
36.1	1	3e-06	-0.399458	-0.98043	0	5.49866	-2.27545	0
36.15	1	3e-06	-0.107913	-1.05343	0	5.92061	-0.584398	0
36.2	1	3e-06	0.192602	-1.03887	0	5.84914	1.16045	0
36.25	1	3e-06	0.477001	-0.937383	0	5.28334	2.8249	0
36.3	1	3e-06	0.720937	-0.75638	0	4.25506	4.27438	0
36.35	1	3e-06	0.902507	-0.509945	0	2.83174	5.38053	0
36.4	1	3e-06	1.00411	-0.218327	0	1.11873	6.03096	0
36.45	1	3e-06	1.01438	0.0931509	0	-0.74181	6.14257	0
36.5	1	3e-06	0.92993	0.395931	0	-2.57792	5.67712	0
36.55	1	3e-06	0.756587	0.660863	0	-4.20344	4.65526	0
36.6	1	3e-06	0.509586	0.861456	0	-5.44161	3.16392	0
36.65	1	3e-06	0.212426	0.977255	0	-6.15282	1.35168	0
36.7	1	3e-06	-0.105695	0.996624	0	-6.2588	-0.589741	0
36.75	1	3e-06	-0.413454	0.918281	0	-5.75564	-2.45423	0
36.8	1	3e-06	-0.681259	0.751201	0	-4.7114	-4.05248	0
36.85	1	3e-06	-0.884594	0.513033	0	-3.25026	-5.23688	0
36.9	1	3e-06	-1.00628	0.227513	0	-1.52937	-5.91488	0
36.95	1	3e-06	-1.03753	-0.0784548	0	0.284115	-6.05062	0
37	1	3e-06	-0.977873	-0.377549	0	2.0311	-5.65836	0
37.05	1	3e-06	-0.834421	-0.644291	0	3.57196	-4.79209	0
37.1	1	3e-06	-0.620677	-0.856758	0	4.79218	-3.53526	0
37.15	1	3e-06	-0.355202	-0.997817	0	5.60456	-1.99233	0
37.2	1	3e-06	-0.0602218	-1.05599	0	5.94984	-0.282707	0
37.25	1	3e-06	0.239782	-1.02609	0	5.7978	1.46362	0
37.3	1	3e-06	0.519558	-0.909629	0	5.14946	3.11015	0
37.35	1	3e-06	0.754727	-0.715073	0	4.04058	4.5191	0
37.4	1	3e-06	0.923616	-0.457719	0	2.54553	5.55952	0
37.45	1	3e-06	1.00928	-0.159121	0	0.779418	6.11919	0
37.5	1	3e-06	1.00156	0.1542	0	-1.10436	6.12017	0
37.55	1	3e-06	0.898844	0.452896	0	-2.92433	5.53553	0
37.6	1	3e-06	0.709125	0.707754	0	-4.49032	4.40255	0
37.65	1	3e-06	0.449812	0.893152	0	-5.63017	2.82652	0
37.7	1	3e-06	0.146107	0.990406	0	-6.2178	0.970882	0
37.75	1	3e-06	-0.171969	0.99024	0	-6.19434	-0.965956	0
37.8	1	3e-06	-0.473327	0.89381	0	-5.57564	-2.78125	0
37.85	1	3e-06	-0.729532	0.712115	0	-4.44456	-4.29722	0
37.9	1	3e-06	-0.917783	0.464088	0	-2.93231	-5.38161	0
37.95	1	3e-06	-1.02276	0.173954	0	-1.19559	-5.95644	0
38	1	3e-06	-1.03734	-0.131556	0	0.60391	-5.99663	0
38.05	1	3e-06	-0.962372	-0.425708	0	2.31447	-5.52251	0
38.1	1	3e-06	-0.805895	-0.683807	0	3.80323	-4.59033	0
38.15	1	3e-06	-0.582049	-0.884741	0	4.96058	-3.28352	0
38.2	1	3e-06	-0.309837	-1.01216	0	5.70206	-1.70608	0
38.25	1	3e-06	-0.0118427	-1.05535	0	5.96984	0.022173	0
38.3	1	3e-06	0.287146	-1.00994	0	5.73494	1.76928	0
38.35	1	3e-06	0.561652	-0.878421	0	5.00103	3.39532	0
38.4	1	3e-06	0.787249	-0.670409	0	3.80918	4.75871	0
38.45	1	3e-06	0.94257	-0.40255	0	2.24237	5.72619	0
38.5	1	3e-06	1.01149	-0.0977904	0	0.427039	6.18717	0
38.55	1	3e-06	0.985273	0.216167	0	-1.47172	6.07127	0
38.6	1	3e-06	0.864314	0.509337	0	-3.26402	5.36554	0
38.65	1	3e-06	0.658871	0.752721	0	-4.75846	4.12555	0
38.7	1	3e-06	0.388469	0.921892	0	-5.791	2.47464	0
38.75	1	3e-06	0.0797712	1.00018	0	-6.25189	0.588592	0
38.8	1	3e-06	-0.236721	0.980751	0	-6.10234	-1.33119	0
38.85	1	3e-06	-0.530463	0.867065	0	-5.37633	-3.08858	0
38.9	1	3e-06	-0.774353	0.671894	0	-4.16856	-4.51883	0
38.95	1	3e-06	-0.947319	0.415182	0	-2.61434	-5.50456	0
39	1	3e-06	-1.03579	0.121438	0	-0.868061	-5.98056	0
39.05	1	3e-06	-1.03413	-0.182873	0	0.914469	-5.93039	0
39.1	1	3e-06	-0.94434	-0.471601	0	2.58819	-5.37879	0
39.15	1	3e-06	-0.775306	-0.720752	0	4.02575	-4.38334	0
39.2	1	3e-06	-0.541765	-0.909935	0	5.12103	-3.0275	0
39.25	1	3e-06	-0.263203	-1.0235	0	5.79134	-1.41547	0
39.3	1	3e-06	0.0373689	-1.05148	0	5.97977	0.331394	0
39.35	1	3e-06	0.334774	-0.990363	0	5.65891	2.0779	0
39.4	1	3e-06	0.60326	-0.843692	0	4.83608	3.67974	0
39.45	1	3e-06	0.818382	-0.622389	0	3.55931	4.99122	0
39.5	1	3e-06	0.959191	-0.34457	0	1.92199	5.8776	0
39.55	1	3e-06	1.01058	-0.0346287	0	0.0631146	6.23187	0
39.6	1	3e-06	0.965502	0.278618	0	-1.84063	5.99395	0
39.65	1	3e-06	0.826518	0.564766	0	-3.59286	5.16731	0
39.7	1	3e-06	0.606216	0.795349	0	-5.00429	3.82677	0
39.75	1	3e-06	0.326089	0.947443	0	-5.92245	2.11235	0
39.8	1	3e-06	0.0139705	1.00658	0	-6.2559	0.209005	0
39.85	1	3e-06	-0.2995	0.968343	0	-5.98556	-1.68256	0
39.9	1	3e-06	-0.584585	0.838327	0	-5.16124	-3.37537	0
39.95	1	3e-06	-0.815624	0.630806	0	-3.88645	-4.71835	0
40	1	3e-06	-0.97323	0.366492	0	-2.29808	-5.6079	0
40.05	1	3e-06	-1.04543	0.0700167	0	-0.547031	-5.98958	0
40.1	1	3e-06	-1.02793	-0.232466	0	1.21669	-5.85365	0
40.15	1	3e-06	-0.923763	-0.515348	0	2.8537	-5.22791	0
40.2	1	3e-06	-0.742563	-0.755257	0	4.24082	-4.17082	0
40.25	1	3e-06	-0.499682	-0.93243	0	5.27419	-2.76613	0
40.3	1	3e-06	-0.215144	-1.03187	0	5.87208	-1.11917	0
40.35	1	3e-06	0.087526	-1.04435	0	5.97834	0.645915	0
40.4	1	3e-06	0.382691	-0.967278	0	5.56774	2.38951	0
40.45	1	3e-06	0.6443	-0.805396	0	4.65262	3.96213	0
40.5	1	3e-06	0.847953	-0.571066	0	3.28978	5.21411	0
40.55	1	3e-06	0.973278	-0.283985	0	1.58479	6.01055	0
40.6	1	3e-06	1.00643	0.0299899	0	-0.310016	6.2505	0
40.65	1	3e-06	0.942277	0.341065	0	-2.20725	5.887	0
40.7	1	3e-06	0.785707	0.61869	0	-3.90673	4.94198	0
40.75	1	3e-06	0.551604	0.835263	0	-5.2249	3.50947	0
40.8	1	3e-06	0.263217	0.969637	0	-6.02387	1.74393	0
40.85	1	3e-06	-0.050783	1.00966	0	-6.23149	-0.164121	0
40.9	1	3e-06	-0.359932	0.953225	0	-5.84716	-2.018	0
40.95	1	3e-06	-0.635499	0.807857	0	-4.93376	-3.6416	0
41	1	3e-06	-0.853308	0.589065	0	-3.60071	-4.89735	0
41.05	1	3e-06	-0.99557	0.318121	0	-1.9846	-5.69388	0
41.1	1	3e-06	-1.05177	0.0196769	0	-0.232235	-5.98557	0
41.15	1	3e-06	-1.01879	-0.280436	0	1.51171	-5.76767	0
41.2	1	3e-06	-0.900597	-0.55709	0	3.11239	-5.0701	0
41.25	1	3e-06	-0.707554	-0.787446	0	4.44947	-3.95205	0
41.3	1	3e-06	-0.455651	-0.952295	0	5.4203	-2.49814	0
41.35	1	3e-06	-0.165525	-1.03726	0	5.94349	-0.815925	0
41.4	1	3e-06	0.138699	-1.03389	0	5.96386	0.966392	0
41.45	1	3e-06	0.430862	-0.94062	0	5.45928	2.70362	0
41.5	1	3e-06	0.684627	-0.763525	0	4.44879	4.24061	0
41.55	1	3e-06	0.875741	-0.516559	0	2.99995	5.42437	0
41.6	1	3e-06	0.984622	-0.221088	0	1.232	6.12176	0
41.65	1	3e-06	0.998941	0.0956164	0	-0.689237	6.24071	0
41.7	1	3e-06	0.915699	0.402983	0	-2.56739	5.75013	0
41.75	1	3e-06	0.742202	0.670629	0	-4.20179	4.69166	0
41.8	1	3e-06	0.495519	0.872148	0	-5.41821	3.17752	0
41.85	1	3e-06	0.200381	0.988381	0	-6.09558	1.3736	0
41.9	1	3e-06	-0.114039	1.00951	0	-6.18106	-0.527682	0
41.95	1	3e-06	-0.417725	0.935613	0	-5.69046	-2.3363	0
42	1	3e-06	-0.683085	0.775877	0	-4.69688	-3.88794	0
42.05	1	3e-06	-0.887413	0.546819	0	-3.31322	-5.0577	0
42.1	1	3e-06	-1.01441	0.270107	0	-1.6744	-5.76468	0
42.15	1	3e-06	-1.05485	-0.0296496	0	0.0770007	-5.97023	0
42.2	1	3e-06	-1.00671	-0.326916	0	1.80082	-5.67324	0
42.25	1	3e-06	-0.874772	-0.596973	0	3.36553	-4.90513	0
42.3	1	3e-06	-0.670153	-0.817429	0	4.65241	-3.72599	0
42.35	1	3e-06	-0.409531	-0.969572	0	5.55911	-2.22215	0
42.4	1	3e-06	-0.114242	-1.03964	0	6.00432	-0.504592	0
42.45	1	3e-06	0.190901	-1.02003	0	5.93428	1.29308	0
42.5	1	3e-06	0.479186	-0.910336	0	5.3313	3.01913	0
42.55	1	3e-06	0.724032	-0.718118	0	4.22307	4.51269	0
42.6	1	3e-06	0.901493	-0.459067	0	2.68987	5.61865	0
42.65	1	3e-06	0.993019	-0.156254	0	0.865683	6.20807	0
42.7	1	3e-06	0.988061	0.161741	0	-1.07079	6.20084	0
42.75	1	3e-06	0.88594	0.46383	0	-2.91678	5.58402	0
42.8	1	3e-06	0.696383	0.720143	0	-4.47479	4.41928	0
42.85	1	3e-06	0.438461	0.905758	0	-5.5831	2.83505	0
42.9	1	3e-06	0.138073	1.00365	0	-6.13882	1.00517	0
42.95	1	3e-06	-0.175421	1.00628	0	-6.10742	-0.879348	0
43	1	3e-06	-0.472669	0.915713	0	-5.51868	-2.63709	0
43.05	1	3e-06	-0.727289	0.742566	0	-4.45316	-4.11561	0
43.1	1	3e-06	-0.917985	0.504152	0	-3.02524	-5.20141	0
43.15	1	3e-06	-1.02981	0.222425	0	-1.36743	-5.82227	0
43.2	1	3e-06	-1.05473	-0.078075	0	0.381646	-5.94485	0
43.25	1	3e-06	-0.991648	-0.372061	0	2.08533	-5.57066	0
43.3	1	3e-06	-0.846195	-0.635141	0	3.61419	-4.73234	0
43.35	1	3e-06	-0.630229	-0.845295	0	4.84996	-3.49135	0
43.4	1	3e-06	-0.361199	-0.984276	0	5.68992	-1.93674	0
43.45	1	3e-06	-0.0612373	-1.03897	0	6.05284	-0.184296	0
43.5	1	3e-06	0.244085	-1.00271	0	5.88726	1.6257	0
43.55	1	3e-06	0.527489	-0.876399	0	5.18165	3.33431	0
43.6	1	3e-06	0.76225	-0.669274	0	3.97444	4.77535	0
43.65	1	3e-06	0.924933	-0.398864	0	2.36041	5.79342	0
43.7	1	3e-06	0.998291	-0.0899329	0	0.488751	6.26676	0
43.75	1	3e-06	0.973808	0.227812	0	-1.45048	6.13013	0
43.8	1	3e-06	0.853243	0.52308	0	-3.25136	5.39036	0
43.85	1	3e-06	0.648672	0.766848	0	-4.72324	4.12843	0
43.9	1	3e-06	0.380919	0.935922	0	-5.71945	2.4862	0
43.95	1	3e-06	0.0767273	1.01547	0	-6.15554	0.64191	0
44	1	3e-06	-0.234635	1.00011	0	-6.01362	-1.21761	0
44.05	1	3e-06	-0.524635	0.893706	0	-5.33476	-2.92068	0
44.1	1	3e-06	-0.768111	0.708045	0	-4.20456	-4.32617	0
44.15	1	3e-06	-0.945091	0.461089	0	-2.73745	-5.33048	0
44.2	1	3e-06	-1.04186	0.174997	0	-1.06321	-5.86832	0
44.25	1	3e-06	-1.05141	-0.125743	0	0.682861	-5.91028	0
44.3	1	3e-06	-0.97357	-0.41603	0	2.36651	-5.45976	0
44.35	1	3e-06	-0.814761	-0.671719	0	3.85913	-4.55072	0
44.4	1	3e-06	-0.587657	-0.871102	0	5.04198	-3.24666	0
44.45	1	3e-06	-0.310563	-0.996385	0	5.8115	-1.6406	0
44.5	1	3e-06	-0.00650693	-1.03516	0	6.08692	0.145459	0
44.55	1	3e-06	0.298128	-0.981839	0	5.82036	1.9634	0
44.6	1	3e-06	0.575529	-0.838822	0	5.00844	3.64676	0
44.65	1	3e-06	0.798972	-0.617163	0	3.70254	5.02511	0
44.7	1	3e-06	0.945783	-0.33631	0	2.01332	5.94523	0
44.75	1	3e-06	1.0003	-0.0226401	0	0.104827	6.29571	0
44.8	1	3e-06	0.956266	0.293261	0	-1.82394	6.02877	0
44.85	1	3e-06	0.81791	0.580237	0	-3.56755	5.17168	0
44.9	1	3e-06	0.59951	0.810429	0	-4.9456	3.82303	0
44.95	1	3e-06	0.323351	0.96254	0	-5.82802	2.13481	0
45	1	3e-06	0.0167079	1.02391	0	-6.14821	0.286369	0
45.05	1	3e-06	-0.29147	0.991177	0	-5.9027	-1.54175	0
45.1	1	3e-06	-0.573563	0.869735	0	-5.14125	-3.18793	0
45.15	1	3e-06	-0.805595	0.672384	0	-3.95249	-4.52139	0
45.2	1	3e-06	-0.968812	0.417596	0	-2.45	-5.44676	0
45.25	1	3e-06	-1.05059	0.127707	0	-0.760927	-5.90411	0
45.3	1	3e-06	-1.0449	-0.172815	0	0.981897	-5.86686	0
45.35	1	3e-06	-0.952405	-0.458979	0	2.64544	-5.33995	0
45.4	1	3e-06	-0.780361	-0.70681	0	4.10077	-4.35893	0
45.45	1	3e-06	-0.542328	-0.894872	0	5.22784	-2.99036	0
45.5	1	3e-06	-0.257577	-1.00585	0	5.92214	-1.3326	0
45.55	1	3e-06	0.0498855	-1.02813	0	6.1041	0.484671	0
45.6	1	3e-06	0.352833	-0.957378	0	5.73113	2.30461	0
45.65	1	3e-06	0.622998	-0.79767	0	4.81026	3.95346	0
45.7	1	3e-06	0.833859	-0.562032	0	3.40788	5.25828	0
45.75	1	3e-06	0.963786	-0.271843	0	1.65126	6.07097	0
45.8	1	3e-06	0.998986	0.0450652	0	-0.281956	6.29368	0
45.85	1	3e-06	0.93559	0.357525	0	-2.18695	5.898	0
45.9	1	3e-06	0.78029	0.634865	0	-3.86255	4.93124	0
45.95	1	3e-06	0.549335	0.850649	0	-5.14129	3.50709	0
46	1	3e-06	0.266161	0.985574	0	-5.91036	1.78425	0
46.05	1	3e-06	-0.0417017	1.02907	0	-6.11959	-0.0596806	0
46.1	1	3e-06	-0.345797	0.979606	0	-5.7775	-1.85174	0
46.15	1	3e-06	-0.619451	0.8439	0	-4.94017	-3.44013	0
46.2	1	3e-06	-0.839814	0.635594	0	-3.69779	-4.70307	0
46.25	1	3e-06	-0.989231	0.373593	0	-2.16258	-5.55187	0
46.3	1	3e-06	-1.05607	0.0804069	0	-0.459534	-5.93051	0
46.35	1	3e-06	-1.03518	-0.219458	0	1.28	-5.81452	0
46.4	1	3e-06	-0.928072	-0.501045	0	2.92298	-5.21021	0
46.45	1	3e-06	-0.742886	-0.74048	0	4.33909	-4.1554	0
46.5	1	3e-06	-0.494164	-0.916585	0	5.4064	-2.72092	0
46.55	1	3e-06	-0.202246	-1.01257	0	6.01965	-1.01198	0
46.6	1	3e-06	0.107802	-1.01778	0	6.10172	0.832723	0
46.65	1	3e-06	0.407926	-0.929299	0	5.61733	2.64709	0
46.7	1	3e-06	0.669535	-0.753075	0	4.58636	4.2509	0
46.75	1	3e-06	0.866562	-0.504209	0	3.09184	5.47112	0
46.8	1	3e-06	0.978719	-0.205962	0	1.27765	6.16811	0
46.85	1	3e-06	0.994326	0.112602	0	-0.667216	6.26039	0
46.9	1	3e-06	0.911998	0.420076	0	-2.53571	5.73993	0
46.95	1	3e-06	0.740755	0.686596	0	-4.13442	4.6727	0
47	1	3e-06	0.498556	0.887347	0	-5.31065	3.18442	0
47.05	1	3e-06	0.20969	1.00504	0	-5.96856	1.43723	0
47.1	1	3e-06	-0.0982997	1.03107	0	-6.07248	-0.395221	0
47.15	1	3e-06	-0.397558	0.965516	0	-5.6405	-2.14814	0
47.2	1	3e-06	-0.662349	0.816256	0	-4.73303	-3.67878	0
47.25	1	3e-06	-0.870861	0.597638	0	-3.44077	-4.87295	0
47.3	1	3e-06	-1.00643	0.32896	0	-1.87453	-5.64707	0
47.35	1	3e-06	-1.05831	0.0329316	0	-0.157834	-5.94796	0
47.4	1	3e-06	-1.02221	-0.265835	0	1.57831	-5.75267	0
47.45	1	3e-06	-0.900483	-0.542335	0	3.19966	-5.06918	0
47.5	1	3e-06	-0.702244	-0.772753	0	4.57358	-3.93845	0
47.55	1	3e-06	-0.443125	-0.93618	0	5.57598	-2.43698	0
47.6	1	3e-06	-0.144646	-1.01645	0	6.10149	-0.67846	0
47.65	1	3e-06	0.167024	-1.00403	0	6.07706	1.18829	0
47.7	1	3e-06	0.46306	-0.897622	0	5.47718	2.98788	0
47.75	1	3e-06	0.714742	-0.705238	0	4.33681	4.53523	0
47.8	1	3e-06	0.896742	-0.444099	0	2.75676	5.66019	0
47.85	1	3e-06	0.990418	-0.139219	0	0.896478	6.23494	0
47.9	1	3e-06	0.986389	0.179395	0	-1.04663	6.19658	0
47.95	1	3e-06	0.885755	0.480439	0	-2.86711	5.55744	0
48	1	3e-06	0.699679	0.735139	0	-4.38215	4.3999	0
48.05	1	3e-06	0.44754	0.920428	0	-5.45479	2.85842	0
48.1	1	3e-06	0.1542	1.02098	0	-6.00504	1.09574	0
48.15	1	3e-06	-0.152964	1.03	0	-6.00957	-0.719925	0
48.2	1	3e-06	-0.446757	0.948989	0	-5.49376	-2.43193	0
48.25	1	3e-06	-0.70234	0.78681	0	-4.5208	-3.9055	0
48.3	1	3e-06	-0.898837	0.558439	0	-3.18127	-5.03257	0
48.35	1	3e-06	-1.02047	0.283553	0	-1.58487	-5.73326	0
48.4	1	3e-06	-1.05732	-0.0148875	0	0.145423	-5.95639	0
48.45	1	3e-06	-1.00592	-0.312086	0	1.87778	-5.68032	0
48.5	1	3e-06	-0.869547	-0.58292	0	3.4756	-4.91521	0
48.55	1	3e-06	-0.658364	-0.803606	0	4.80321	-3.70632	0
48.6	1	3e-06	-0.389226	-0.953552	0	5.73439	-2.13748	0
48.65	1	3e-06	-0.0849252	-1.01735	0	6.16479	-0.332351	0
48.7	1	3e-06	0.227253	-0.986787	0	6.02756	1.54931	0
48.75	1	3e-06	0.517831	-0.862423	0	5.30947	3.32346	0
48.8	1	3e-06	0.758201	-0.654441	0	4.06262	4.8025	0
48.85	1	3e-06	0.924093	-0.382173	0	2.4058	5.82254	0
48.9	1	3e-06	0.998781	-0.0721865	0	0.512093	6.27068	0
48.95	1	3e-06	0.975302	0.244895	0	-1.41623	6.10393	0
49	1	3e-06	0.857158	0.538206	0	-3.17884	5.35389	0
49.05	1	3e-06	0.657418	0.780284	0	-4.60565	4.11654	0
49.1	1	3e-06	0.396593	0.94986	0	-5.57541	2.53192	0
49.15	1	3e-06	0.0998769	1.03348	0	-6.02238	0.761057	0
49.2	1	3e-06	-0.205646	1.02597	0	-5.93329	-1.03404	0
49.25	1	3e-06	-0.493452	0.930071	0	-5.33886	-2.70438	0
49.3	1	3e-06	-0.739531	0.755528	0	-4.30392	-4.1219	0
49.35	1	3e-06	-0.923844	0.517882	0	-2.91873	-5.18317	0
49.4	1	3e-06	-1.0314	0.237211	0	-1.29247	-5.81092	0
49.45	1	3e-06	-1.05309	-0.0632106	0	0.451445	-5.95529	0
49.5	1	3e-06	-0.98626	-0.358319	0	2.17907	-5.59609	0
49.55	1	3e-06	-0.835183	-0.622819	0	3.75045	-4.74644	0
49.6	1	3e-06	-0.611215	-0.832963	0	5.02637	-3.4574	0
49.65	1	3e-06	-0.332546	-0.96856	0	5.879	-1.82181	0
49.7	1	3e-06	-0.0233147	-1.01514	0	6.2066	0.0252955	0
49.75	1	3e-06	0.288114	-0.96603	0	5.951	1.91296	0
49.8	1	3e-06	0.571786	-0.823847	0	5.11386	3.6499	0
49.85	1	3e-06	0.7995	-0.60104	0	3.76574	5.04895	0
49.9	1	3e-06	0.94836	-0.318952	0	2.04277	5.95602	0
49.95	1	3e-06	1.00378	-0.00543758	0	0.128843	6.27559	0
50	1	3e-06	0.961244	0.308607	0	-1.77265	5.9849	0
