0	0	5.9535e-05	-0.000118435
0	1	0	-0.000118435
0.05	0	5.93646e-05	-0.00011826
0.05	1	0	-0.00011826
0.1	0	5.88748e-05	-0.000117757
0.1	1	0	-0.000117757
0.15	0	5.81258e-05	-0.000116988
0.15	1	0	-0.000116988
0.2	0	5.72048e-05	-0.000116044
0.2	1	0	-0.000116044
0.25	0	5.62109e-05	-0.000115027
0.25	1	0	-0.000115027
0.3	0	5.52419e-05	-0.000114036
0.3	1	0	-0.000114036
0.35	0	5.43841e-05	-0.00011316
0.35	1	0	-0.00011316
0.4	0	5.37067e-05	-0.000112469
0.4	1	0	-0.000112469
0.45	0	5.32599e-05	-0.000112014
0.45	1	0	-0.000112014
0.5	0	5.30746e-05	-0.000111825
0.5	1	0	-0.000111825
0.55	0	5.31632e-05	-0.000111915
0.55	1	0	-0.000111915
0.6	0	5.35198e-05	-0.000112279
0.6	1	0	-0.000112279
0.65	0	5.41201e-05	-0.000112891
0.65	1	0	-0.000112891
0.7	0	5.49208e-05	-0.000113708
0.7	1	0	-0.000113708
0.75	0	5.58594e-05	-0.000114667
0.75	1	0	-0.000114667
0.8	0	5.68552e-05	-0.000115686
0.8	1	0	-0.000115686
0.85	0	5.78137e-05	-0.000116668
0.85	1	0	-0.000116668
0.9	0	5.86346e-05	-0.00011751
0.9	1	0	-0.00011751
0.95	0	5.92249e-05	-0.000118117
0.95	1	0	-0.000118117
1	0	5.95133e-05	-0.000118413
1	1	0	-0.000118413
1.05	0	5.94636e-05	-0.000118362
1.05	1	0	-0.000118362
1.1	0	5.90821e-05	-0.00011797
1.1	1	0	-0.00011797
1.15	0	5.84162e-05	-0.000117286
1.15	1	0	-0.000117286
1.2	0	5.75452e-05	-0.000116393
1.2	1	0	-0.000116393
1.25	0	5.65656e-05	-0.00011539
1.25	1	0	-0.00011539
1.3	0	5.55772e-05	-0.000114379
1.3	1	0	-0.000114379
1.35	0	5.4671e-05	-0.000113453
1.35	1	0	-0.000113453
1.4	0	5.39229e-05	-0.00011269
1.4	1	0	-0.00011269
1.45	0	5.33897e-05	-0.000112146
1.45	1	0	-0.000112146
1.5	0	5.31093e-05	-0.00011186
1.5	1	0	-0.00011186
1.55	0	5.31004e-05	-0.000111851
1.55	1	0	-0.000111851
1.6	0	5.33637e-05	-0.000112119
1.6	1	0	-0.000112119
1.65	0	5.38815e-05	-0.000112647
1.65	1	0	-0.000112647
1.7	0	5.46172e-05	-0.000113398
1.7	1	0	-0.000113398
1.75	0	5.55153e-05	-0.000114316
1.75	1	0	-0.000114316
1.8	0	5.6501e-05	-0.000115324
1.8	1	0	-0.000115324
1.85	0	5.74841e-05	-0.000116331
1.85	1	0	-0.000116331
1.9	0	5.83652e-05	-0.000117234
1.9	1	0	-0.000117234
1.95	0	5.9047e-05	-0.000117934
1.95	1	0	-0.000117934
2	0	5.94487e-05	-0.000118347
2	1	0	-0.000118347
2.05	0	5.95205e-05	-0.00011842
2.05	1	0	-0.00011842
2.1	0	5.92533e-05	-0.000118146
2.1	1	0	-0.000118146
2.15	0	5.86806e-05	-0.000117558
2.15	1	0	-0.000117558
2.2	0	5.78719e-05	-0.000116728
2.2	1	0	-0.000116728
2.25	0	5.69193e-05	-0.000115752
2.25	1	0	-0.000115752
2.3	0	5.59229e-05	-0.000114732
2.3	1	0	-0.000114732
2.35	0	5.4978e-05	-0.000113767
2.35	1	0	-0.000113767
2.4	0	5.41663e-05	-0.000112938
2.4	1	0	-0.000112938
2.45	0	5.35515e-05	-0.000112311
2.45	1	0	-0.000112311
2.5	0	5.31783e-05	-0.00011193
2.5	1	0	-0.00011193
2.55	0	5.30721e-05	-0.000111822
2.55	1	0	-0.000111822
2.6	0	5.32398e-05	-0.000111993
2.6	1	0	-0.000111993
2.65	0	5.36705e-05	-0.000112432
2.65	1	0	-0.000112432
2.7	0	5.43343e-05	-0.000113109
2.7	1	0	-0.000113109
2.75	0	5.51823e-05	-0.000113975
2.75	1	0	-0.000113975
2.8	0	5.61466e-05	-0.000114961
2.8	1	0	-0.000114961
2.85	0	5.71417e-05	-0.00011598
2.85	1	0	-0.00011598
2.9	0	5.80705e-05	-0.000116932
2.9	1	0	-0.000116932
2.95	0	5.88334e-05	-0.000117715
2.95	1	0	-0.000117715
3	0	5.93421e-05	-0.000118237
3	1	0	-0.000118237
3.05	0	5.95343e-05	-0.000118435
3.05	1	0	-0.000118435
3.1	0	5.93857e-05	-0.000118282
3.1	1	0	-0.000118282
3.15	0	5.89151e-05	-0.000117798
3.15	1	0	-0.000117798
3.2	0	5.81804e-05	-0.000117044
3.2	1	0	-0.000117044
3.25	0	5.72675e-05	-0.000116109
3.25	1	0	-0.000116109
3.3	0	5.62753e-05	-0.000115093
3.3	1	0	-0.000115093
3.35	0	5.53019e-05	-0.000114098
3.35	1	0	-0.000114098
3.4	0	5.44347e-05	-0.000113212
3.4	1	0	-0.000113212
3.45	0	5.37439e-05	-0.000112507
3.45	1	0	-0.000112507
3.5	0	5.32811e-05	-0.000112035
3.5	1	0	-0.000112035
3.55	0	5.30784e-05	-0.000111829
3.55	1	0	-0.000111829
3.6	0	5.31493e-05	-0.000111901
3.6	1	0	-0.000111901
3.65	0	5.34891e-05	-0.000112247
3.65	1	0	-0.000112247
3.7	0	5.40747e-05	-0.000112845
3.7	1	0	-0.000112845
3.75	0	5.48642e-05	-0.00011365
3.75	1	0	-0.00011365
3.8	0	5.57961e-05	-0.000114603
3.8	1	0	-0.000114603
3.85	0	5.6791e-05	-0.000115621
3.85	1	0	-0.000115621
3.9	0	5.77549e-05	-0.000116608
3.9	1	0	-0.000116608
3.95	0	5.85877e-05	-0.000117462
3.95	1	0	-0.000117462
4	0	5.91953e-05	-0.000118086
4	1	0	-0.000118086
4.05	0	5.95048e-05	-0.000118404
4.05	1	0	-0.000118404
4.1	0	5.94771e-05	-0.000118376
4.1	1	0	-0.000118376
4.15	0	5.9116e-05	-0.000118005
4.15	1	0	-0.000118005
4.2	0	5.84664e-05	-0.000117338
4.2	1	0	-0.000117338
4.25	0	5.76058e-05	-0.000116455
4.25	1	0	-0.000116455
4.3	0	5.66302e-05	-0.000115456
4.3	1	0	-0.000115456
4.35	0	5.56394e-05	-0.000114443
4.35	1	0	-0.000114443
4.4	0	5.47255e-05	-0.000113509
4.4	1	0	-0.000113509
4.45	0	5.39652e-05	-0.000112733
4.45	1	0	-0.000112733
4.5	0	5.34168e-05	-0.000112174
4.5	1	0	-0.000112174
4.55	0	5.31193e-05	-0.00011187
4.55	1	0	-0.00011187
4.6	0	5.30927e-05	-0.000111843
4.6	1	0	-0.000111843
4.65	0	5.33387e-05	-0.000112094
4.65	1	0	-0.000112094
4.7	0	5.3841e-05	-0.000112606
4.7	1	0	-0.000112606
4.75	0	5.45641e-05	-0.000113344
4.75	1	0	-0.000113344
4.8	0	5.54538e-05	-0.000114253
4.8	1	0	-0.000114253
4.85	0	5.64364e-05	-0.000115258
4.85	1	0	-0.000115258
4.9	0	5.74227e-05	-0.000116268
4.9	1	0	-0.000116268
4.95	0	5.83134e-05	-0.000117181
4.95	1	0	-0.000117181
5	0	5.90107e-05	-0.000117897
5	1	0	-0.000117897
5.05	0	5.94324e-05	-0.00011833
5.05	1	0	-0.00011833
5.1	0	5.95262e-05	-0.000118426
5.1	1	0	-0.000118426
5.15	0	5.92803e-05	-0.000118174
5.15	1	0	-0.000118174
5.2	0	5.87256e-05	-0.000117604
5.2	1	0	-0.000117604
5.25	0	5.79295e-05	-0.000116787
5.25	1	0	-0.000116787
5.3	0	5.69832e-05	-0.000115817
5.3	1	0	-0.000115817
5.35	0	5.59867e-05	-0.000114798
5.35	1	0	-0.000114798
5.4	0	5.50358e-05	-0.000113826
5.4	1	0	-0.000113826
5.45	0	5.42133e-05	-0.000112986
5.45	1	0	-0.000112986
5.5	0	5.35843e-05	-0.000112344
5.5	1	0	-0.000112344
5.55	0	5.31945e-05	-0.000111947
5.55	1	0	-0.000111947
5.6	0	5.30706e-05	-0.000111821
5.6	1	0	-0.000111821
5.65	0	5.32209e-05	-0.000111974
5.65	1	0	-0.000111974
5.7	0	5.36352e-05	-0.000112396
5.7	1	0	-0.000112396
5.75	0	5.42852e-05	-0.000113059
5.75	1	0	-0.000113059
5.8	0	5.51232e-05	-0.000113915
5.8	1	0	-0.000113915
5.85	0	5.60824e-05	-0.000114896
5.85	1	0	-0.000114896
5.9	0	5.70784e-05	-0.000115915
5.9	1	0	-0.000115915
5.95	0	5.80145e-05	-0.000116874
5.95	1	0	-0.000116874
6	0	5.8791e-05	-0.000117671
6	1	0	-0.000117671
6.05	0	5.93184e-05	-0.000118213
6.05	1	0	-0.000118213
6.1	0	5.95321e-05	-0.000118432
6.1	1	0	-0.000118432
6.15	0	5.94054e-05	-0.000118302
6.15	1	0	-0.000118302
6.2	0	5.89542e-05	-0.000117839
6.2	1	0	-0.000117839
6.25	0	5.82342e-05	-0.0001171
6.25	1	0	-0.0001171
6.3	0	5.73299e-05	-0.000116173
6.3	1	0	-0.000116173
6.35	0	5.63398e-05	-0.000115159
6.35	1	0	-0.000115159
6.4	0	5.53624e-05	-0.000114159
6.4	1	0	-0.000114159
6.45	0	5.4486e-05	-0.000113264
6.45	1	0	-0.000113264
6.5	0	5.37821e-05	-0.000112546
6.5	1	0	-0.000112546
6.55	0	5.33034e-05	-0.000112058
6.55	1	0	-0.000112058
6.6	0	5.30833e-05	-0.000111833
6.6	1	0	-0.000111833
6.65	0	5.31364e-05	-0.000111888
6.65	1	0	-0.000111888
6.7	0	5.34593e-05	-0.000112217
6.7	1	0	-0.000112217
6.75	0	5.40302e-05	-0.000112799
6.75	1	0	-0.000112799
6.8	0	5.48082e-05	-0.000113593
6.8	1	0	-0.000113593
6.85	0	5.57331e-05	-0.000114538
6.85	1	0	-0.000114538
6.9	0	5.67267e-05	-0.000115555
6.9	1	0	-0.000115555
6.95	0	5.76955e-05	-0.000116547
6.95	1	0	-0.000116547
7	0	5.85398e-05	-0.000117413
7	1	0	-0.000117413
7.05	0	5.91645e-05	-0.000118055
7.05	1	0	-0.000118055
7.1	0	5.94947e-05	-0.000118394
7.1	1	0	-0.000118394
7.15	0	5.94893e-05	-0.000118388
7.15	1	0	-0.000118388
7.2	0	5.91487e-05	-0.000118038
7.2	1	0	-0.000118038
7.25	0	5.85156e-05	-0.000117388
7.25	1	0	-0.000117388
7.3	0	5.76659e-05	-0.000116517
7.3	1	0	-0.000116517
7.35	0	5.66947e-05	-0.000115522
7.35	1	0	-0.000115522
7.4	0	5.5702e-05	-0.000114506
7.4	1	0	-0.000114506
7.45	0	5.47806e-05	-0.000113565
7.45	1	0	-0.000113565
7.5	0	5.40084e-05	-0.000112777
7.5	1	0	-0.000112777
7.55	0	5.3445e-05	-0.000112202
7.55	1	0	-0.000112202
7.6	0	5.31305e-05	-0.000111882
7.6	1	0	-0.000111882
7.65	0	5.30861e-05	-0.000111836
7.65	1	0	-0.000111836
7.7	0	5.33149e-05	-0.00011207
7.7	1	0	-0.00011207
7.75	0	5.38014e-05	-0.000112566
7.75	1	0	-0.000112566
7.8	0	5.45117e-05	-0.000113291
7.8	1	0	-0.000113291
7.85	0	5.53926e-05	-0.00011419
7.85	1	0	-0.00011419
7.9	0	5.63719e-05	-0.000115192
7.9	1	0	-0.000115192
7.95	0	5.73608e-05	-0.000116204
7.95	1	0	-0.000116204
8	0	5.82607e-05	-0.000117127
8	1	0	-0.000117127
8.05	0	5.89732e-05	-0.000117858
8.05	1	0	-0.000117858
8.1	0	5.94147e-05	-0.000118312
8.1	1	0	-0.000118312
8.15	0	5.95305e-05	-0.000118431
8.15	1	0	-0.000118431
8.2	0	5.93061e-05	-0.0001182
8.2	1	0	-0.0001182
8.25	0	5.87696e-05	-0.000117649
8.25	1	0	-0.000117649
8.3	0	5.79865e-05	-0.000116846
8.3	1	0	-0.000116846
8.35	0	5.70469e-05	-0.000115883
8.35	1	0	-0.000115883
8.4	0	5.60506e-05	-0.000114863
8.4	1	0	-0.000114863
8.45	0	5.50941e-05	-0.000113885
8.45	1	0	-0.000113885
8.5	0	5.42612e-05	-0.000113035
8.5	1	0	-0.000113035
8.55	0	5.36181e-05	-0.000112379
8.55	1	0	-0.000112379
8.6	0	5.32118e-05	-0.000111965
8.6	1	0	-0.000111965
8.65	0	5.30703e-05	-0.00011182
8.65	1	0	-0.00011182
8.7	0	5.3203e-05	-0.000111956
8.7	1	0	-0.000111956
8.75	0	5.3601e-05	-0.000112361
8.75	1	0	-0.000112361
8.8	0	5.4237e-05	-0.00011301
8.8	1	0	-0.00011301
8.85	0	5.50647e-05	-0.000113855
8.85	1	0	-0.000113855
8.9	0	5.60184e-05	-0.00011483
8.9	1	0	-0.00011483
8.95	0	5.70148e-05	-0.00011585
8.95	1	0	-0.00011585
9	0	5.79579e-05	-0.000116816
9	1	0	-0.000116816
9.05	0	5.87476e-05	-0.000117626
9.05	1	0	-0.000117626
9.1	0	5.92933e-05	-0.000118187
9.1	1	0	-0.000118187
9.15	0	5.95285e-05	-0.000118429
9.15	1	0	-0.000118429
9.2	0	5.94238e-05	-0.000118321
9.2	1	0	-0.000118321
9.25	0	5.89922e-05	-0.000117878
9.25	1	0	-0.000117878
9.3	0	5.82873e-05	-0.000117154
9.3	1	0	-0.000117154
9.35	0	5.7392e-05	-0.000116236
9.35	1	0	-0.000116236
9.4	0	5.64044e-05	-0.000115225
9.4	1	0	-0.000115225
9.45	0	5.54234e-05	-0.000114222
9.45	1	0	-0.000114222
9.5	0	5.4538e-05	-0.000113317
9.5	1	0	-0.000113317
9.55	0	5.38212e-05	-0.000112586
9.55	1	0	-0.000112586
9.6	0	5.33267e-05	-0.000112082
9.6	1	0	-0.000112082
9.65	0	5.30893e-05	-0.00011184
9.65	1	0	-0.00011184
9.7	0	5.31247e-05	-0.000111876
9.7	1	0	-0.000111876
9.75	0	5.34307e-05	-0.000112188
9.75	1	0	-0.000112188
9.8	0	5.39865e-05	-0.000112755
9.8	1	0	-0.000112755
9.85	0	5.47528e-05	-0.000113537
9.85	1	0	-0.000113537
9.9	0	5.56704e-05	-0.000114474
9.9	1	0	-0.000114474
9.95	0	5.66622e-05	-0.000115489
9.95	1	0	-0.000115489
10	0	5.76357e-05	-0.000116486
10	1	0	-0.000116486
10.05	0	5.8491e-05	-0.000117363
10.05	1	0	-0.000117363
10.1	0	5.91324e-05	-0.000118022
10.1	1	0	-0.000118022
10.15	0	5.94833e-05	-0.000118382
10.15	1	0	-0.000118382
10.2	0	5.95e-05	-0.000118399
10.2	1	0	-0.000118399
10.25	0	5.91802e-05	-0.000118071
10.25	1	0	-0.000118071
10.3	0	5.8564e-05	-0.000117438
10.3	1	0	-0.000117438
10.35	0	5.77255e-05	-0.000116578
10.35	1	0	-0.000116578
10.4	0	5.67591e-05	-0.000115588
10.4	1	0	-0.000115588
10.45	0	5.57648e-05	-0.000114571
10.45	1	0	-0.000114571
10.5	0	5.48363e-05	-0.000113622
10.5	1	0	-0.000113622
10.55	0	5.40525e-05	-0.000112822
10.55	1	0	-0.000112822
10.6	0	5.34742e-05	-0.000112232
10.6	1	0	-0.000112232
10.65	0	5.31427e-05	-0.000111894
10.65	1	0	-0.000111894
10.7	0	5.30807e-05	-0.000111831
10.7	1	0	-0.000111831
10.75	0	5.3292e-05	-0.000112046
10.75	1	0	-0.000112046
10.8	0	5.37628e-05	-0.000112526
10.8	1	0	-0.000112526
10.85	0	5.44601e-05	-0.000113238
10.85	1	0	-0.000113238
10.9	0	5.53319e-05	-0.000114128
10.9	1	0	-0.000114128
10.95	0	5.63073e-05	-0.000115126
10.95	1	0	-0.000115126
11	0	5.72986e-05	-0.00011614
11	1	0	-0.00011614
11.05	0	5.82072e-05	-0.000117072
11.05	1	0	-0.000117072
11.1	0	5.89346e-05	-0.000117819
11.1	1	0	-0.000117819
11.15	0	5.93956e-05	-0.000118292
11.15	1	0	-0.000118292
11.2	0	5.95334e-05	-0.000118434
11.2	1	0	-0.000118434
11.25	0	5.93305e-05	-0.000118225
11.25	1	0	-0.000118225
11.3	0	5.88125e-05	-0.000117693
11.3	1	0	-0.000117693
11.35	0	5.80428e-05	-0.000116903
11.35	1	0	-0.000116903
11.4	0	5.71103e-05	-0.000115948
11.4	1	0	-0.000115948
11.45	0	5.61147e-05	-0.000114929
11.45	1	0	-0.000114929
11.5	0	5.51529e-05	-0.000113945
11.5	1	0	-0.000113945
11.55	0	5.43098e-05	-0.000113084
11.55	1	0	-0.000113084
11.6	0	5.36529e-05	-0.000112414
11.6	1	0	-0.000112414
11.65	0	5.32303e-05	-0.000111983
11.65	1	0	-0.000111983
11.7	0	5.30712e-05	-0.000111821
11.7	1	0	-0.000111821
11.75	0	5.31862e-05	-0.000111938
11.75	1	0	-0.000111938
11.8	0	5.35677e-05	-0.000112327
11.8	1	0	-0.000112327
11.85	0	5.41895e-05	-0.000112962
11.85	1	0	-0.000112962
11.9	0	5.50066e-05	-0.000113796
11.9	1	0	-0.000113796
11.95	0	5.59546e-05	-0.000114765
11.95	1	0	-0.000114765
12	0	5.69511e-05	-0.000115785
12	1	0	-0.000115785
12.05	0	5.79006e-05	-0.000116757
12.05	1	0	-0.000116757
12.1	0	5.87031e-05	-0.000117581
12.1	1	0	-0.000117581
12.15	0	5.92669e-05	-0.00011816
12.15	1	0	-0.00011816
12.2	0	5.95235e-05	-0.000118423
12.2	1	0	-0.000118423
12.25	0	5.94408e-05	-0.000118338
12.25	1	0	-0.000118338
12.3	0	5.90291e-05	-0.000117915
12.3	1	0	-0.000117915
12.35	0	5.83396e-05	-0.000117208
12.35	1	0	-0.000117208
12.4	0	5.74537e-05	-0.000116299
12.4	1	0	-0.000116299
12.45	0	5.64689e-05	-0.000115291
12.45	1	0	-0.000115291
12.5	0	5.54847e-05	-0.000114284
12.5	1	0	-0.000114284
12.55	0	5.45908e-05	-0.000113371
12.55	1	0	-0.000113371
12.6	0	5.38612e-05	-0.000112627
12.6	1	0	-0.000112627
12.65	0	5.33512e-05	-0.000112107
12.65	1	0	-0.000112107
12.7	0	5.30964e-05	-0.000111847
12.7	1	0	-0.000111847
12.75	0	5.31141e-05	-0.000111865
12.75	1	0	-0.000111865
12.8	0	5.34031e-05	-0.000112159
12.8	1	0	-0.000112159
12.85	0	5.39438e-05	-0.000112711
12.85	1	0	-0.000112711
12.9	0	5.4698e-05	-0.000113481
12.9	1	0	-0.000113481
12.95	0	5.5608e-05	-0.00011441
12.95	1	0	-0.00011441
13	0	5.65977e-05	-0.000115423
13	1	0	-0.000115423
13.05	0	5.75753e-05	-0.000116424
13.05	1	0	-0.000116424
13.1	0	5.84412e-05	-0.000117312
13.1	1	0	-0.000117312
13.15	0	5.90991e-05	-0.000117987
13.15	1	0	-0.000117987
13.2	0	5.94705e-05	-0.000118369
13.2	1	0	-0.000118369
13.25	0	5.95093e-05	-0.000118409
13.25	1	0	-0.000118409
13.3	0	5.92104e-05	-0.000118102
13.3	1	0	-0.000118102
13.35	0	5.86114e-05	-0.000117487
13.35	1	0	-0.000117487
13.4	0	5.77845e-05	-0.000116638
13.4	1	0	-0.000116638
13.45	0	5.68233e-05	-0.000115654
13.45	1	0	-0.000115654
13.5	0	5.5828e-05	-0.000114635
13.5	1	0	-0.000114635
13.55	0	5.48926e-05	-0.000113679
13.55	1	0	-0.000113679
13.6	0	5.40974e-05	-0.000112868
13.6	1	0	-0.000112868
13.65	0	5.35044e-05	-0.000112263
13.65	1	0	-0.000112263
13.7	0	5.31561e-05	-0.000111908
13.7	1	0	-0.000111908
13.75	0	5.30764e-05	-0.000111826
13.75	1	0	-0.000111826
13.8	0	5.32703e-05	-0.000112024
13.8	1	0	-0.000112024
13.85	0	5.37251e-05	-0.000112488
13.85	1	0	-0.000112488
13.9	0	5.44091e-05	-0.000113186
13.9	1	0	-0.000113186
13.95	0	5.52717e-05	-0.000114067
13.95	1	0	-0.000114067
14	0	5.62429e-05	-0.00011506
14	1	0	-0.00011506
14.05	0	5.7236e-05	-0.000116076
14.05	1	0	-0.000116076
14.1	0	5.8153e-05	-0.000117016
14.1	1	0	-0.000117016
14.15	0	5.88949e-05	-0.000117778
14.15	1	0	-0.000117778
14.2	0	5.93752e-05	-0.000118271
14.2	1	0	-0.000118271
14.25	0	5.95348e-05	-0.000118435
14.25	1	0	-0.000118435
14.3	0	5.93536e-05	-0.000118249
14.3	1	0	-0.000118249
14.35	0	5.88544e-05	-0.000117736
14.35	1	0	-0.000117736
14.4	0	5.80985e-05	-0.00011696
14.4	1	0	-0.00011696
14.45	0	5.71735e-05	-0.000116012
14.45	1	0	-0.000116012
14.5	0	5.61789e-05	-0.000114994
14.5	1	0	-0.000114994
14.55	0	5.52123e-05	-0.000114006
14.55	1	0	-0.000114006
14.6	0	5.43593e-05	-0.000113135
14.6	1	0	-0.000113135
14.65	0	5.36886e-05	-0.000112451
14.65	1	0	-0.000112451
14.7	0	5.32498e-05	-0.000112003
14.7	1	0	-0.000112003
14.75	0	5.30732e-05	-0.000111823
14.75	1	0	-0.000111823
14.8	0	5.31706e-05	-0.000111922
14.8	1	0	-0.000111922
14.85	0	5.35354e-05	-0.000112294
14.85	1	0	-0.000112294
14.9	0	5.41429e-05	-0.000112914
14.9	1	0	-0.000112914
14.95	0	5.49492e-05	-0.000113737
14.95	1	0	-0.000113737
15	0	5.58909e-05	-0.0001147
15	1	0	-0.0001147
15.05	0	5.68871e-05	-0.000115719
15.05	1	0	-0.000115719
15.1	0	5.78427e-05	-0.000116698
15.1	1	0	-0.000116698
15.15	0	5.86576e-05	-0.000117534
15.15	1	0	-0.000117534
15.2	0	5.92392e-05	-0.000118131
15.2	1	0	-0.000118131
15.25	0	5.95171e-05	-0.000118417
15.25	1	0	-0.000118417
15.3	0	5.94564e-05	-0.000118354
15.3	1	0	-0.000118354
15.35	0	5.90648e-05	-0.000117952
15.35	1	0	-0.000117952
15.4	0	5.8391e-05	-0.00011726
15.4	1	0	-0.00011726
15.45	0	5.75149e-05	-0.000116362
15.45	1	0	-0.000116362
15.5	0	5.65335e-05	-0.000115357
15.5	1	0	-0.000115357
15.55	0	5.55464e-05	-0.000114347
15.55	1	0	-0.000114347
15.6	0	5.46442e-05	-0.000113426
15.6	1	0	-0.000113426
15.65	0	5.39022e-05	-0.000112669
15.65	1	0	-0.000112669
15.7	0	5.33767e-05	-0.000112133
15.7	1	0	-0.000112133
15.75	0	5.31048e-05	-0.000111855
15.75	1	0	-0.000111855
15.8	0	5.31047e-05	-0.000111855
15.8	1	0	-0.000111855
15.85	0	5.33765e-05	-0.000112132
15.85	1	0	-0.000112132
15.9	0	5.39019e-05	-0.000112668
15.9	1	0	-0.000112668
15.95	0	5.46439e-05	-0.000113425
15.95	1	0	-0.000113425
16	0	5.5546e-05	-0.000114347
16	1	0	-0.000114347
16.05	0	5.65331e-05	-0.000115357
16.05	1	0	-0.000115357
16.1	0	5.75145e-05	-0.000116362
16.1	1	0	-0.000116362
16.15	0	5.83906e-05	-0.00011726
16.15	1	0	-0.00011726
16.2	0	5.90646e-05	-0.000117952
16.2	1	0	-0.000117952
16.25	0	5.94563e-05	-0.000118354
16.25	1	0	-0.000118354
16.3	0	5.95171e-05	-0.000118417
16.3	1	0	-0.000118417
16.35	0	5.92394e-05	-0.000118131
16.35	1	0	-0.000118131
16.4	0	5.86579e-05	-0.000117534
16.4	1	0	-0.000117534
16.45	0	5.7843e-05	-0.000116698
16.45	1	0	-0.000116698
16.5	0	5.68875e-05	-0.000115719
16.5	1	0	-0.000115719
16.55	0	5.58914e-05	-0.0001147
16.55	1	0	-0.0001147
16.6	0	5.49495e-05	-0.000113738
16.6	1	0	-0.000113738
16.65	0	5.41432e-05	-0.000112914
16.65	1	0	-0.000112914
16.7	0	5.35356e-05	-0.000112295
16.7	1	0	-0.000112295
16.75	0	5.31707e-05	-0.000111923
16.75	1	0	-0.000111923
16.8	0	5.30732e-05	-0.000111823
16.8	1	0	-0.000111823
16.85	0	5.32497e-05	-0.000112003
16.85	1	0	-0.000112003
16.9	0	5.36884e-05	-0.00011245
16.9	1	0	-0.00011245
16.95	0	5.43589e-05	-0.000113135
16.95	1	0	-0.000113135
17	0	5.52119e-05	-0.000114006
17	1	0	-0.000114006
17.05	0	5.61785e-05	-0.000114994
17.05	1	0	-0.000114994
17.1	0	5.71731e-05	-0.000116012
17.1	1	0	-0.000116012
17.15	0	5.80981e-05	-0.00011696
17.15	1	0	-0.00011696
17.2	0	5.88541e-05	-0.000117736
17.2	1	0	-0.000117736
17.25	0	5.93534e-05	-0.000118249
17.25	1	0	-0.000118249
17.3	0	5.95348e-05	-0.000118435
17.3	1	0	-0.000118435
17.35	0	5.93754e-05	-0.000118271
17.35	1	0	-0.000118271
17.4	0	5.88952e-05	-0.000117778
17.4	1	0	-0.000117778
17.45	0	5.81534e-05	-0.000117017
17.45	1	0	-0.000117017
17.5	0	5.72364e-05	-0.000116077
17.5	1	0	-0.000116077
17.55	0	5.62433e-05	-0.00011506
17.55	1	0	-0.00011506
17.6	0	5.52721e-05	-0.000114067
17.6	1	0	-0.000114067
17.65	0	5.44095e-05	-0.000113186
17.65	1	0	-0.000113186
17.7	0	5.37253e-05	-0.000112488
17.7	1	0	-0.000112488
17.75	0	5.32705e-05	-0.000112024
17.75	1	0	-0.000112024
17.8	0	5.30764e-05	-0.000111826
17.8	1	0	-0.000111826
17.85	0	5.31561e-05	-0.000111908
17.85	1	0	-0.000111908
17.9	0	5.35042e-05	-0.000112263
17.9	1	0	-0.000112263
17.95	0	5.40971e-05	-0.000112867
17.95	1	0	-0.000112867
18	0	5.48922e-05	-0.000113679
18	1	0	-0.000113679
18.05	0	5.58275e-05	-0.000114635
18.05	1	0	-0.000114635
18.1	0	5.68229e-05	-0.000115653
18.1	1	0	-0.000115653
18.15	0	5.77842e-05	-0.000116638
18.15	1	0	-0.000116638
18.2	0	5.86111e-05	-0.000117486
18.2	1	0	-0.000117486
18.25	0	5.92102e-05	-0.000118102
18.25	1	0	-0.000118102
18.3	0	5.95092e-05	-0.000118409
18.3	1	0	-0.000118409
18.35	0	5.94706e-05	-0.000118369
18.35	1	0	-0.000118369
18.4	0	5.90993e-05	-0.000117988
18.4	1	0	-0.000117988
18.45	0	5.84416e-05	-0.000117312
18.45	1	0	-0.000117312
18.5	0	5.75757e-05	-0.000116424
18.5	1	0	-0.000116424
18.55	0	5.65981e-05	-0.000115423
18.55	1	0	-0.000115423
18.6	0	5.56084e-05	-0.000114411
18.6	1	0	-0.000114411
18.65	0	5.46983e-05	-0.000113481
18.65	1	0	-0.000113481
18.7	0	5.39441e-05	-0.000112711
18.7	1	0	-0.000112711
18.75	0	5.34032e-05	-0.00011216
18.75	1	0	-0.00011216
18.8	0	5.31142e-05	-0.000111865
18.8	1	0	-0.000111865
18.85	0	5.30964e-05	-0.000111847
18.85	1	0	-0.000111847
18.9	0	5.3351e-05	-0.000112106
18.9	1	0	-0.000112106
18.95	0	5.3861e-05	-0.000112626
18.95	1	0	-0.000112626
19	0	5.45904e-05	-0.000113371
19	1	0	-0.000113371
19.05	0	5.54843e-05	-0.000114284
19.05	1	0	-0.000114284
19.1	0	5.64685e-05	-0.000115291
19.1	1	0	-0.000115291
19.15	0	5.74532e-05	-0.000116299
19.15	1	0	-0.000116299
19.2	0	5.83392e-05	-0.000117207
19.2	1	0	-0.000117207
19.25	0	5.90289e-05	-0.000117915
19.25	1	0	-0.000117915
19.3	0	5.94407e-05	-0.000118338
19.3	1	0	-0.000118338
19.35	0	5.95236e-05	-0.000118423
19.35	1	0	-0.000118423
19.4	0	5.9267e-05	-0.00011816
19.4	1	0	-0.00011816
19.45	0	5.87034e-05	-0.000117581
19.45	1	0	-0.000117581
19.5	0	5.7901e-05	-0.000116758
19.5	1	0	-0.000116758
19.55	0	5.69515e-05	-0.000115785
19.55	1	0	-0.000115785
19.6	0	5.5955e-05	-0.000114765
19.6	1	0	-0.000114765
19.65	0	5.5007e-05	-0.000113796
19.65	1	0	-0.000113796
19.7	0	5.41899e-05	-0.000112962
19.7	1	0	-0.000112962
19.75	0	5.35679e-05	-0.000112328
19.75	1	0	-0.000112328
19.8	0	5.31863e-05	-0.000111939
19.8	1	0	-0.000111939
19.85	0	5.30712e-05	-0.000111821
19.85	1	0	-0.000111821
19.9	0	5.32302e-05	-0.000111983
19.9	1	0	-0.000111983
19.95	0	5.36526e-05	-0.000112414
19.95	1	0	-0.000112414
20	0	5.43095e-05	-0.000113084
20	1	0	-0.000113084
20.05	0	5.51525e-05	-0.000113945
20.05	1	0	-0.000113945
20.1	0	5.61143e-05	-0.000114928
20.1	1	0	-0.000114928
20.15	0	5.71099e-05	-0.000115947
20.15	1	0	-0.000115947
20.2	0	5.80424e-05	-0.000116903
20.2	1	0	-0.000116903
20.25	0	5.88122e-05	-0.000117693
20.25	1	0	-0.000117693
20.3	0	5.93303e-05	-0.000118225
20.3	1	0	-0.000118225
20.35	0	5.95334e-05	-0.000118434
20.35	1	0	-0.000118434
20.4	0	5.93958e-05	-0.000118292
20.4	1	0	-0.000118292
20.45	0	5.89349e-05	-0.000117819
20.45	1	0	-0.000117819
20.5	0	5.82076e-05	-0.000117072
20.5	1	0	-0.000117072
20.55	0	5.7299e-05	-0.000116141
20.55	1	0	-0.000116141
20.6	0	5.63078e-05	-0.000115126
20.6	1	0	-0.000115126
20.65	0	5.53323e-05	-0.000114129
20.65	1	0	-0.000114129
20.7	0	5.44604e-05	-0.000113238
20.7	1	0	-0.000113238
20.75	0	5.3763e-05	-0.000112527
20.75	1	0	-0.000112527
20.8	0	5.32922e-05	-0.000112046
20.8	1	0	-0.000112046
20.85	0	5.30807e-05	-0.000111831
20.85	1	0	-0.000111831
20.9	0	5.31427e-05	-0.000111894
20.9	1	0	-0.000111894
20.95	0	5.3474e-05	-0.000112232
20.95	1	0	-0.000112232
21	0	5.40522e-05	-0.000112822
21	1	0	-0.000112822
21.05	0	5.48359e-05	-0.000113622
21.05	1	0	-0.000113622
21.1	0	5.57644e-05	-0.00011457
21.1	1	0	-0.00011457
21.15	0	5.67586e-05	-0.000115588
21.15	1	0	-0.000115588
21.2	0	5.77251e-05	-0.000116578
21.2	1	0	-0.000116578
21.25	0	5.85637e-05	-0.000117438
21.25	1	0	-0.000117438
21.3	0	5.918e-05	-0.00011807
21.3	1	0	-0.00011807
21.35	0	5.94999e-05	-0.000118399
21.35	1	0	-0.000118399
21.4	0	5.94834e-05	-0.000118382
21.4	1	0	-0.000118382
21.45	0	5.91326e-05	-0.000118022
21.45	1	0	-0.000118022
21.5	0	5.84913e-05	-0.000117363
21.5	1	0	-0.000117363
21.55	0	5.76361e-05	-0.000116486
21.55	1	0	-0.000116486
21.6	0	5.66626e-05	-0.000115489
21.6	1	0	-0.000115489
21.65	0	5.56708e-05	-0.000114475
21.65	1	0	-0.000114475
21.7	0	5.47531e-05	-0.000113537
21.7	1	0	-0.000113537
21.75	0	5.39868e-05	-0.000112755
21.75	1	0	-0.000112755
21.8	0	5.34309e-05	-0.000112188
21.8	1	0	-0.000112188
21.85	0	5.31248e-05	-0.000111876
21.85	1	0	-0.000111876
21.9	0	5.30892e-05	-0.00011184
21.9	1	0	-0.00011184
21.95	0	5.33266e-05	-0.000112082
21.95	1	0	-0.000112082
22	0	5.38209e-05	-0.000112586
22	1	0	-0.000112586
22.05	0	5.45377e-05	-0.000113317
22.05	1	0	-0.000113317
22.1	0	5.54229e-05	-0.000114221
22.1	1	0	-0.000114221
22.15	0	5.64039e-05	-0.000115224
22.15	1	0	-0.000115224
22.2	0	5.73916e-05	-0.000116236
22.2	1	0	-0.000116236
22.25	0	5.82869e-05	-0.000117154
22.25	1	0	-0.000117154
22.3	0	5.8992e-05	-0.000117877
22.3	1	0	-0.000117877
22.35	0	5.94237e-05	-0.000118321
22.35	1	0	-0.000118321
22.4	0	5.95286e-05	-0.000118429
22.4	1	0	-0.000118429
22.45	0	5.92934e-05	-0.000118187
22.45	1	0	-0.000118187
22.5	0	5.87479e-05	-0.000117627
22.5	1	0	-0.000117627
22.55	0	5.79583e-05	-0.000116817
22.55	1	0	-0.000116817
22.6	0	5.70153e-05	-0.00011585
22.6	1	0	-0.00011585
22.65	0	5.60188e-05	-0.00011483
22.65	1	0	-0.00011483
22.7	0	5.50651e-05	-0.000113856
22.7	1	0	-0.000113856
22.75	0	5.42373e-05	-0.00011301
22.75	1	0	-0.00011301
22.8	0	5.36012e-05	-0.000112362
22.8	1	0	-0.000112362
22.85	0	5.32031e-05	-0.000111956
22.85	1	0	-0.000111956
22.9	0	5.30703e-05	-0.00011182
22.9	1	0	-0.00011182
22.95	0	5.32117e-05	-0.000111964
22.95	1	0	-0.000111964
23	0	5.36179e-05	-0.000112379
23	1	0	-0.000112379
23.05	0	5.42609e-05	-0.000113034
23.05	1	0	-0.000113034
23.1	0	5.50937e-05	-0.000113885
23.1	1	0	-0.000113885
23.15	0	5.60502e-05	-0.000114863
23.15	1	0	-0.000114863
23.2	0	5.70464e-05	-0.000115882
23.2	1	0	-0.000115882
23.25	0	5.79861e-05	-0.000116845
23.25	1	0	-0.000116845
23.3	0	5.87693e-05	-0.000117649
23.3	1	0	-0.000117649
23.35	0	5.93059e-05	-0.0001182
23.35	1	0	-0.0001182
23.4	0	5.95305e-05	-0.000118431
23.4	1	0	-0.000118431
23.45	0	5.94148e-05	-0.000118312
23.45	1	0	-0.000118312
23.5	0	5.89735e-05	-0.000117858
23.5	1	0	-0.000117858
23.55	0	5.8261e-05	-0.000117127
23.55	1	0	-0.000117127
23.6	0	5.73612e-05	-0.000116205
23.6	1	0	-0.000116205
23.65	0	5.63723e-05	-0.000115192
23.65	1	0	-0.000115192
23.7	0	5.5393e-05	-0.000114191
23.7	1	0	-0.000114191
23.75	0	5.45121e-05	-0.000113291
23.75	1	0	-0.000113291
23.8	0	5.38017e-05	-0.000112566
23.8	1	0	-0.000112566
23.85	0	5.3315e-05	-0.00011207
23.85	1	0	-0.00011207
23.9	0	5.30861e-05	-0.000111836
23.9	1	0	-0.000111836
23.95	0	5.31304e-05	-0.000111882
23.95	1	0	-0.000111882
24	0	5.34448e-05	-0.000112202
24	1	0	-0.000112202
24.05	0	5.40081e-05	-0.000112777
24.05	1	0	-0.000112777
24.1	0	5.47802e-05	-0.000113565
24.1	1	0	-0.000113565
24.15	0	5.57015e-05	-0.000114506
24.15	1	0	-0.000114506
24.2	0	5.66942e-05	-0.000115522
24.2	1	0	-0.000115522
24.25	0	5.76655e-05	-0.000116516
24.25	1	0	-0.000116516
24.3	0	5.85153e-05	-0.000117388
24.3	1	0	-0.000117388
24.35	0	5.91485e-05	-0.000118038
24.35	1	0	-0.000118038
24.4	0	5.94892e-05	-0.000118388
24.4	1	0	-0.000118388
24.45	0	5.94948e-05	-0.000118394
24.45	1	0	-0.000118394
24.5	0	5.91647e-05	-0.000118055
24.5	1	0	-0.000118055
24.55	0	5.85401e-05	-0.000117413
24.55	1	0	-0.000117413
24.6	0	5.76959e-05	-0.000116548
24.6	1	0	-0.000116548
24.65	0	5.67271e-05	-0.000115555
24.65	1	0	-0.000115555
24.7	0	5.57336e-05	-0.000114539
24.7	1	0	-0.000114539
24.75	0	5.48085e-05	-0.000113594
24.75	1	0	-0.000113594
24.8	0	5.40305e-05	-0.000112799
24.8	1	0	-0.000112799
24.85	0	5.34595e-05	-0.000112217
24.85	1	0	-0.000112217
24.9	0	5.31365e-05	-0.000111888
24.9	1	0	-0.000111888
24.95	0	5.30832e-05	-0.000111833
24.95	1	0	-0.000111833
25	0	5.33032e-05	-0.000112058
25	1	0	-0.000112058
25.05	0	5.37818e-05	-0.000112546
25.05	1	0	-0.000112546
25.1	0	5.44856e-05	-0.000113264
25.1	1	0	-0.000113264
25.15	0	5.5362e-05	-0.000114159
25.15	1	0	-0.000114159
25.2	0	5.63394e-05	-0.000115158
25.2	1	0	-0.000115158
25.25	0	5.73295e-05	-0.000116172
25.25	1	0	-0.000116172
25.3	0	5.82339e-05	-0.000117099
25.3	1	0	-0.000117099
25.35	0	5.8954e-05	-0.000117838
25.35	1	0	-0.000117838
25.4	0	5.94053e-05	-0.000118302
25.4	1	0	-0.000118302
25.45	0	5.95321e-05	-0.000118432
25.45	1	0	-0.000118432
25.5	0	5.93185e-05	-0.000118213
25.5	1	0	-0.000118213
25.55	0	5.87913e-05	-0.000117671
25.55	1	0	-0.000117671
25.6	0	5.80149e-05	-0.000116875
25.6	1	0	-0.000116875
25.65	0	5.70788e-05	-0.000115915
25.65	1	0	-0.000115915
25.7	0	5.60828e-05	-0.000114896
25.7	1	0	-0.000114896
25.75	0	5.51236e-05	-0.000113915
25.75	1	0	-0.000113915
25.8	0	5.42856e-05	-0.00011306
25.8	1	0	-0.00011306
25.85	0	5.36355e-05	-0.000112396
25.85	1	0	-0.000112396
25.9	0	5.3221e-05	-0.000111974
25.9	1	0	-0.000111974
25.95	0	5.30706e-05	-0.000111821
25.95	1	0	-0.000111821
26	0	5.31944e-05	-0.000111947
26	1	0	-0.000111947
26.05	0	5.35841e-05	-0.000112344
26.05	1	0	-0.000112344
26.1	0	5.4213e-05	-0.000112986
26.1	1	0	-0.000112986
26.15	0	5.50354e-05	-0.000113825
26.15	1	0	-0.000113825
26.2	0	5.59862e-05	-0.000114797
26.2	1	0	-0.000114797
26.25	0	5.69828e-05	-0.000115817
26.25	1	0	-0.000115817
26.3	0	5.79291e-05	-0.000116787
26.3	1	0	-0.000116787
26.35	0	5.87253e-05	-0.000117604
26.35	1	0	-0.000117604
26.4	0	5.92801e-05	-0.000118173
26.4	1	0	-0.000118173
26.45	0	5.95262e-05	-0.000118426
26.45	1	0	-0.000118426
26.5	0	5.94325e-05	-0.00011833
26.5	1	0	-0.00011833
26.55	0	5.90109e-05	-0.000117897
26.55	1	0	-0.000117897
26.6	0	5.83137e-05	-0.000117181
26.6	1	0	-0.000117181
26.65	0	5.74231e-05	-0.000116268
26.65	1	0	-0.000116268
26.7	0	5.64369e-05	-0.000115258
26.7	1	0	-0.000115258
26.75	0	5.54542e-05	-0.000114253
26.75	1	0	-0.000114253
26.8	0	5.45645e-05	-0.000113344
26.8	1	0	-0.000113344
26.85	0	5.38412e-05	-0.000112606
26.85	1	0	-0.000112606
26.9	0	5.33389e-05	-0.000112094
26.9	1	0	-0.000112094
26.95	0	5.30927e-05	-0.000111843
26.95	1	0	-0.000111843
27	0	5.31192e-05	-0.00011187
27	1	0	-0.00011187
27.05	0	5.34167e-05	-0.000112173
27.05	1	0	-0.000112173
27.1	0	5.39649e-05	-0.000112733
27.1	1	0	-0.000112733
27.15	0	5.47251e-05	-0.000113508
27.15	1	0	-0.000113508
27.2	0	5.5639e-05	-0.000114442
27.2	1	0	-0.000114442
27.25	0	5.66297e-05	-0.000115456
27.25	1	0	-0.000115456
27.3	0	5.76054e-05	-0.000116455
27.3	1	0	-0.000116455
27.35	0	5.8466e-05	-0.000117337
27.35	1	0	-0.000117337
27.4	0	5.91158e-05	-0.000118005
27.4	1	0	-0.000118005
27.45	0	5.94771e-05	-0.000118376
27.45	1	0	-0.000118376
27.5	0	5.95048e-05	-0.000118404
27.5	1	0	-0.000118404
27.55	0	5.91955e-05	-0.000118086
27.55	1	0	-0.000118086
27.6	0	5.8588e-05	-0.000117463
27.6	1	0	-0.000117463
27.65	0	5.77553e-05	-0.000116608
27.65	1	0	-0.000116608
27.7	0	5.67914e-05	-0.000115621
27.7	1	0	-0.000115621
27.75	0	5.57966e-05	-0.000114603
27.75	1	0	-0.000114603
27.8	0	5.48646e-05	-0.000113651
27.8	1	0	-0.000113651
27.85	0	5.4075e-05	-0.000112845
27.85	1	0	-0.000112845
27.9	0	5.34893e-05	-0.000112247
27.9	1	0	-0.000112247
27.95	0	5.31493e-05	-0.000111901
27.95	1	0	-0.000111901
28	0	5.30784e-05	-0.000111828
28	1	0	-0.000111828
28.05	0	5.3281e-05	-0.000112035
28.05	1	0	-0.000112035
28.1	0	5.37437e-05	-0.000112507
28.1	1	0	-0.000112507
28.15	0	5.44343e-05	-0.000113212
28.15	1	0	-0.000113212
28.2	0	5.53015e-05	-0.000114097
28.2	1	0	-0.000114097
28.25	0	5.62749e-05	-0.000115092
28.25	1	0	-0.000115092
28.3	0	5.72671e-05	-0.000116108
28.3	1	0	-0.000116108
28.35	0	5.81801e-05	-0.000117044
28.35	1	0	-0.000117044
28.4	0	5.89148e-05	-0.000117798
28.4	1	0	-0.000117798
28.45	0	5.93855e-05	-0.000118282
28.45	1	0	-0.000118282
28.5	0	5.95343e-05	-0.000118435
28.5	1	0	-0.000118435
28.55	0	5.93423e-05	-0.000118237
28.55	1	0	-0.000118237
28.6	0	5.88337e-05	-0.000117715
28.6	1	0	-0.000117715
28.65	0	5.80709e-05	-0.000116932
28.65	1	0	-0.000116932
28.7	0	5.71422e-05	-0.00011598
28.7	1	0	-0.00011598
28.75	0	5.6147e-05	-0.000114962
28.75	1	0	-0.000114962
28.8	0	5.51827e-05	-0.000113976
28.8	1	0	-0.000113976
28.85	0	5.43346e-05	-0.00011311
28.85	1	0	-0.00011311
28.9	0	5.36707e-05	-0.000112432
28.9	1	0	-0.000112432
28.95	0	5.324e-05	-0.000111993
28.95	1	0	-0.000111993
29	0	5.30721e-05	-0.000111822
29	1	0	-0.000111822
29.05	0	5.31782e-05	-0.00011193
29.05	1	0	-0.00011193
29.1	0	5.35513e-05	-0.000112311
29.1	1	0	-0.000112311
29.15	0	5.4166e-05	-0.000112938
29.15	1	0	-0.000112938
29.2	0	5.49776e-05	-0.000113766
29.2	1	0	-0.000113766
29.25	0	5.59225e-05	-0.000114732
29.25	1	0	-0.000114732
29.3	0	5.69189e-05	-0.000115752
29.3	1	0	-0.000115752
29.35	0	5.78715e-05	-0.000116728
29.35	1	0	-0.000116728
29.4	0	5.86803e-05	-0.000117557
29.4	1	0	-0.000117557
29.45	0	5.92531e-05	-0.000118146
29.45	1	0	-0.000118146
29.5	0	5.95205e-05	-0.00011842
29.5	1	0	-0.00011842
29.55	0	5.94488e-05	-0.000118347
29.55	1	0	-0.000118347
29.6	0	5.90472e-05	-0.000117934
29.6	1	0	-0.000117934
29.65	0	5.83655e-05	-0.000117234
29.65	1	0	-0.000117234
29.7	0	5.74845e-05	-0.000116331
29.7	1	0	-0.000116331
29.75	0	5.65015e-05	-0.000115324
29.75	1	0	-0.000115324
29.8	0	5.55157e-05	-0.000114316
29.8	1	0	-0.000114316
29.85	0	5.46176e-05	-0.000113399
29.85	1	0	-0.000113399
29.9	0	5.38817e-05	-0.000112648
29.9	1	0	-0.000112648
29.95	0	5.33639e-05	-0.00011212
29.95	1	0	-0.00011212
30	0	5.31005e-05	-0.000111851
30	1	0	-0.000111851
30.05	0	5.31092e-05	-0.00011186
30.05	1	0	-0.00011186
30.1	0	5.33896e-05	-0.000112146
30.1	1	0	-0.000112146
30.15	0	5.39226e-05	-0.000112689
30.15	1	0	-0.000112689
30.2	0	5.46707e-05	-0.000113453
30.2	1	0	-0.000113453
30.25	0	5.55768e-05	-0.000114378
30.25	1	0	-0.000114378
30.3	0	5.65652e-05	-0.000115389
30.3	1	0	-0.000115389
30.35	0	5.75448e-05	-0.000116393
30.35	1	0	-0.000116393
30.4	0	5.84159e-05	-0.000117286
30.4	1	0	-0.000117286
30.45	0	5.90819e-05	-0.00011797
30.45	1	0	-0.00011797
30.5	0	5.94635e-05	-0.000118362
30.5	1	0	-0.000118362
30.55	0	5.95134e-05	-0.000118413
30.55	1	0	-0.000118413
30.6	0	5.92251e-05	-0.000118117
30.6	1	0	-0.000118117
30.65	0	5.86349e-05	-0.000117511
30.65	1	0	-0.000117511
30.7	0	5.78141e-05	-0.000116669
30.7	1	0	-0.000116669
30.75	0	5.68557e-05	-0.000115687
30.75	1	0	-0.000115687
30.8	0	5.58598e-05	-0.000114668
30.8	1	0	-0.000114668
30.85	0	5.49212e-05	-0.000113709
30.85	1	0	-0.000113709
30.9	0	5.41204e-05	-0.000112891
30.9	1	0	-0.000112891
30.95	0	5.352e-05	-0.000112279
30.95	1	0	-0.000112279
31	0	5.31633e-05	-0.000111915
31	1	0	-0.000111915
31.05	0	5.30746e-05	-0.000111825
31.05	1	0	-0.000111825
31.1	0	5.32598e-05	-0.000112013
31.1	1	0	-0.000112013
31.15	0	5.37065e-05	-0.000112469
31.15	1	0	-0.000112469
31.2	0	5.43838e-05	-0.00011316
31.2	1	0	-0.00011316
31.25	0	5.52415e-05	-0.000114036
31.25	1	0	-0.000114036
31.3	0	5.62105e-05	-0.000115027
31.3	1	0	-0.000115027
31.35	0	5.72044e-05	-0.000116044
31.35	1	0	-0.000116044
31.4	0	5.81255e-05	-0.000116988
31.4	1	0	-0.000116988
31.45	0	5.88745e-05	-0.000117757
31.45	1	0	-0.000117757
31.5	0	5.93644e-05	-0.00011826
31.5	1	0	-0.00011826
31.55	0	5.9535e-05	-0.000118435
31.55	1	0	-0.000118435
31.6	0	5.93647e-05	-0.00011826
31.6	1	0	-0.00011826
31.65	0	5.88751e-05	-0.000117757
31.65	1	0	-0.000117757
31.7	0	5.81262e-05	-0.000116989
31.7	1	0	-0.000116989
31.75	0	5.72052e-05	-0.000116045
31.75	1	0	-0.000116045
31.8	0	5.62113e-05	-0.000115027
31.8	1	0	-0.000115027
31.85	0	5.52423e-05	-0.000114037
31.85	1	0	-0.000114037
31.9	0	5.43844e-05	-0.000113161
31.9	1	0	-0.000113161
31.95	0	5.3707e-05	-0.000112469
31.95	1	0	-0.000112469
32	0	5.32601e-05	-0.000112014
32	1	0	-0.000112014
32.05	0	5.30747e-05	-0.000111825
32.05	1	0	-0.000111825
32.1	0	5.31631e-05	-0.000111915
32.1	1	0	-0.000111915
32.15	0	5.35196e-05	-0.000112278
32.15	1	0	-0.000112278
32.2	0	5.41198e-05	-0.000112891
32.2	1	0	-0.000112891
32.25	0	5.49204e-05	-0.000113708
32.25	1	0	-0.000113708
32.3	0	5.5859e-05	-0.000114667
32.3	1	0	-0.000114667
32.35	0	5.68548e-05	-0.000115686
32.35	1	0	-0.000115686
32.4	0	5.78133e-05	-0.000116668
32.4	1	0	-0.000116668
32.45	0	5.86343e-05	-0.00011751
32.45	1	0	-0.00011751
32.5	0	5.92248e-05	-0.000118116
32.5	1	0	-0.000118116
32.55	0	5.95133e-05	-0.000118413
32.55	1	0	-0.000118413
32.6	0	5.94637e-05	-0.000118362
32.6	1	0	-0.000118362
32.65	0	5.90823e-05	-0.00011797
32.65	1	0	-0.00011797
32.7	0	5.84166e-05	-0.000117287
32.7	1	0	-0.000117287
32.75	0	5.75456e-05	-0.000116394
32.75	1	0	-0.000116394
32.8	0	5.6566e-05	-0.00011539
32.8	1	0	-0.00011539
32.85	0	5.55776e-05	-0.000114379
32.85	1	0	-0.000114379
32.9	0	5.46714e-05	-0.000113454
32.9	1	0	-0.000113454
32.95	0	5.39232e-05	-0.00011269
32.95	1	0	-0.00011269
33	0	5.33899e-05	-0.000112146
33	1	0	-0.000112146
33.05	0	5.31094e-05	-0.00011186
33.05	1	0	-0.00011186
33.1	0	5.31004e-05	-0.000111851
33.1	1	0	-0.000111851
33.15	0	5.33635e-05	-0.000112119
33.15	1	0	-0.000112119
33.2	0	5.38812e-05	-0.000112647
33.2	1	0	-0.000112647
33.25	0	5.46169e-05	-0.000113398
33.25	1	0	-0.000113398
33.3	0	5.55149e-05	-0.000114315
33.3	1	0	-0.000114315
33.35	0	5.65006e-05	-0.000115323
33.35	1	0	-0.000115323
33.4	0	5.74837e-05	-0.00011633
33.4	1	0	-0.00011633
33.45	0	5.83649e-05	-0.000117234
33.45	1	0	-0.000117234
33.5	0	5.90467e-05	-0.000117934
33.5	1	0	-0.000117934
33.55	0	5.94486e-05	-0.000118346
33.55	1	0	-0.000118346
33.6	0	5.95205e-05	-0.00011842
33.6	1	0	-0.00011842
33.65	0	5.92535e-05	-0.000118146
33.65	1	0	-0.000118146
33.7	0	5.86809e-05	-0.000117558
33.7	1	0	-0.000117558
33.75	0	5.78723e-05	-0.000116728
33.75	1	0	-0.000116728
33.8	0	5.69197e-05	-0.000115752
33.8	1	0	-0.000115752
33.85	0	5.59234e-05	-0.000114733
33.85	1	0	-0.000114733
33.9	0	5.49784e-05	-0.000113767
33.9	1	0	-0.000113767
33.95	0	5.41666e-05	-0.000112938
33.95	1	0	-0.000112938
34	0	5.35518e-05	-0.000112311
34	1	0	-0.000112311
34.05	0	5.31784e-05	-0.00011193
34.05	1	0	-0.00011193
34.1	0	5.30721e-05	-0.000111822
34.1	1	0	-0.000111822
34.15	0	5.32397e-05	-0.000111993
34.15	1	0	-0.000111993
34.2	0	5.36703e-05	-0.000112432
34.2	1	0	-0.000112432
34.25	0	5.4334e-05	-0.000113109
34.25	1	0	-0.000113109
34.3	0	5.51819e-05	-0.000113975
34.3	1	0	-0.000113975
34.35	0	5.61462e-05	-0.000114961
34.35	1	0	-0.000114961
34.4	0	5.71413e-05	-0.000115979
34.4	1	0	-0.000115979
34.45	0	5.80702e-05	-0.000116931
34.45	1	0	-0.000116931
34.5	0	5.88332e-05	-0.000117714
34.5	1	0	-0.000117714
34.55	0	5.9342e-05	-0.000118237
34.55	1	0	-0.000118237
34.6	0	5.95343e-05	-0.000118435
34.6	1	0	-0.000118435
34.65	0	5.93858e-05	-0.000118282
34.65	1	0	-0.000118282
34.7	0	5.89153e-05	-0.000117799
34.7	1	0	-0.000117799
34.75	0	5.81808e-05	-0.000117045
34.75	1	0	-0.000117045
34.8	0	5.72679e-05	-0.000116109
34.8	1	0	-0.000116109
34.85	0	5.62757e-05	-0.000115093
34.85	1	0	-0.000115093
34.9	0	5.53023e-05	-0.000114098
34.9	1	0	-0.000114098
34.95	0	5.4435e-05	-0.000113212
34.95	1	0	-0.000113212
35	0	5.37442e-05	-0.000112507
35	1	0	-0.000112507
35.05	0	5.32813e-05	-0.000112035
35.05	1	0	-0.000112035
35.1	0	5.30784e-05	-0.000111829
35.1	1	0	-0.000111829
35.15	0	5.31492e-05	-0.000111901
35.15	1	0	-0.000111901
35.2	0	5.34889e-05	-0.000112247
35.2	1	0	-0.000112247
35.25	0	5.40744e-05	-0.000112844
35.25	1	0	-0.000112844
35.3	0	5.48638e-05	-0.00011365
35.3	1	0	-0.00011365
35.35	0	5.57957e-05	-0.000114602
35.35	1	0	-0.000114602
35.4	0	5.67906e-05	-0.00011562
35.4	1	0	-0.00011562
35.45	0	5.77545e-05	-0.000116608
35.45	1	0	-0.000116608
35.5	0	5.85874e-05	-0.000117462
35.5	1	0	-0.000117462
35.55	0	5.91951e-05	-0.000118086
35.55	1	0	-0.000118086
35.6	0	5.95047e-05	-0.000118404
35.6	1	0	-0.000118404
35.65	0	5.94772e-05	-0.000118376
35.65	1	0	-0.000118376
35.7	0	5.91162e-05	-0.000118005
35.7	1	0	-0.000118005
35.75	0	5.84667e-05	-0.000117338
35.75	1	0	-0.000117338
35.8	0	5.76062e-05	-0.000116456
35.8	1	0	-0.000116456
35.85	0	5.66306e-05	-0.000115456
35.85	1	0	-0.000115456
35.9	0	5.56398e-05	-0.000114443
35.9	1	0	-0.000114443
35.95	0	5.47258e-05	-0.000113509
35.95	1	0	-0.000113509
36	0	5.39655e-05	-0.000112733
36	1	0	-0.000112733
36.05	0	5.3417e-05	-0.000112174
36.05	1	0	-0.000112174
36.1	0	5.31194e-05	-0.00011187
36.1	1	0	-0.00011187
36.15	0	5.30926e-05	-0.000111843
36.15	1	0	-0.000111843
36.2	0	5.33386e-05	-0.000112094
36.2	1	0	-0.000112094
36.25	0	5.38407e-05	-0.000112606
36.25	1	0	-0.000112606
36.3	0	5.45638e-05	-0.000113344
36.3	1	0	-0.000113344
36.35	0	5.54534e-05	-0.000114252
36.35	1	0	-0.000114252
36.4	0	5.6436e-05	-0.000115257
36.4	1	0	-0.000115257
36.45	0	5.74223e-05	-0.000116267
36.45	1	0	-0.000116267
36.5	0	5.8313e-05	-0.00011718
36.5	1	0	-0.00011718
36.55	0	5.90104e-05	-0.000117896
36.55	1	0	-0.000117896
36.6	0	5.94323e-05	-0.00011833
36.6	1	0	-0.00011833
36.65	0	5.95263e-05	-0.000118426
36.65	1	0	-0.000118426
36.7	0	5.92805e-05	-0.000118174
36.7	1	0	-0.000118174
36.75	0	5.87259e-05	-0.000117604
36.75	1	0	-0.000117604
36.8	0	5.79299e-05	-0.000116788
36.8	1	0	-0.000116788
36.85	0	5.69836e-05	-0.000115818
36.85	1	0	-0.000115818
36.9	0	5.59871e-05	-0.000114798
36.9	1	0	-0.000114798
36.95	0	5.50362e-05	-0.000113826
36.95	1	0	-0.000113826
37	0	5.42136e-05	-0.000112986
37	1	0	-0.000112986
37.05	0	5.35845e-05	-0.000112345
37.05	1	0	-0.000112345
37.1	0	5.31946e-05	-0.000111947
37.1	1	0	-0.000111947
37.15	0	5.30706e-05	-0.000111821
37.15	1	0	-0.000111821
37.2	0	5.32207e-05	-0.000111974
37.2	1	0	-0.000111974
37.25	0	5.3635e-05	-0.000112396
37.25	1	0	-0.000112396
37.3	0	5.42849e-05	-0.000113059
37.3	1	0	-0.000113059
37.35	0	5.51229e-05	-0.000113915
37.35	1	0	-0.000113915
37.4	0	5.6082e-05	-0.000114895
37.4	1	0	-0.000114895
37.45	0	5.7078e-05	-0.000115915
37.45	1	0	-0.000115915
37.5	0	5.80142e-05	-0.000116874
37.5	1	0	-0.000116874
37.55	0	5.87907e-05	-0.000117671
37.55	1	0	-0.000117671
37.6	0	5.93182e-05	-0.000118212
37.6	1	0	-0.000118212
37.65	0	5.95321e-05	-0.000118432
37.65	1	0	-0.000118432
37.7	0	5.94055e-05	-0.000118302
37.7	1	0	-0.000118302
37.75	0	5.89545e-05	-0.000117839
37.75	1	0	-0.000117839
37.8	0	5.82346e-05	-0.0001171
37.8	1	0	-0.0001171
37.85	0	5.73303e-05	-0.000116173
37.85	1	0	-0.000116173
37.9	0	5.63402e-05	-0.000115159
37.9	1	0	-0.000115159
37.95	0	5.53628e-05	-0.00011416
37.95	1	0	-0.00011416
38	0	5.44863e-05	-0.000113265
38	1	0	-0.000113265
38.05	0	5.37823e-05	-0.000112546
38.05	1	0	-0.000112546
38.1	0	5.33035e-05	-0.000112058
38.1	1	0	-0.000112058
38.15	0	5.30833e-05	-0.000111834
38.15	1	0	-0.000111834
38.2	0	5.31363e-05	-0.000111888
38.2	1	0	-0.000111888
38.25	0	5.34592e-05	-0.000112217
38.25	1	0	-0.000112217
38.3	0	5.40299e-05	-0.000112799
38.3	1	0	-0.000112799
38.35	0	5.48078e-05	-0.000113593
38.35	1	0	-0.000113593
38.4	0	5.57327e-05	-0.000114538
38.4	1	0	-0.000114538
38.45	0	5.67262e-05	-0.000115554
38.45	1	0	-0.000115554
38.5	0	5.76951e-05	-0.000116547
38.5	1	0	-0.000116547
38.55	0	5.85395e-05	-0.000117413
38.55	1	0	-0.000117413
38.6	0	5.91643e-05	-0.000118054
38.6	1	0	-0.000118054
38.65	0	5.94947e-05	-0.000118394
38.65	1	0	-0.000118394
38.7	0	5.94893e-05	-0.000118388
38.7	1	0	-0.000118388
38.75	0	5.91489e-05	-0.000118039
38.75	1	0	-0.000118039
38.8	0	5.8516e-05	-0.000117389
38.8	1	0	-0.000117389
38.85	0	5.76663e-05	-0.000116517
38.85	1	0	-0.000116517
38.9	0	5.66951e-05	-0.000115522
38.9	1	0	-0.000115522
38.95	0	5.57024e-05	-0.000114507
38.95	1	0	-0.000114507
39	0	5.47809e-05	-0.000113565
39	1	0	-0.000113565
39.05	0	5.40087e-05	-0.000112777
39.05	1	0	-0.000112777
39.1	0	5.34452e-05	-0.000112202
39.1	1	0	-0.000112202
39.15	0	5.31305e-05	-0.000111882
39.15	1	0	-0.000111882
39.2	0	5.30861e-05	-0.000111836
39.2	1	0	-0.000111836
39.25	0	5.33147e-05	-0.000112069
39.25	1	0	-0.000112069
39.3	0	5.38011e-05	-0.000112565
39.3	1	0	-0.000112565
39.35	0	5.45114e-05	-0.00011329
39.35	1	0	-0.00011329
39.4	0	5.53922e-05	-0.00011419
39.4	1	0	-0.00011419
39.45	0	5.63714e-05	-0.000115191
39.45	1	0	-0.000115191
39.5	0	5.73604e-05	-0.000116204
39.5	1	0	-0.000116204
39.55	0	5.82603e-05	-0.000117126
39.55	1	0	-0.000117126
39.6	0	5.8973e-05	-0.000117858
39.6	1	0	-0.000117858
39.65	0	5.94146e-05	-0.000118311
39.65	1	0	-0.000118311
39.7	0	5.95305e-05	-0.000118431
39.7	1	0	-0.000118431
39.75	0	5.93062e-05	-0.0001182
39.75	1	0	-0.0001182
39.8	0	5.87699e-05	-0.000117649
39.8	1	0	-0.000117649
39.85	0	5.79869e-05	-0.000116846
39.85	1	0	-0.000116846
39.9	0	5.70473e-05	-0.000115883
39.9	1	0	-0.000115883
39.95	0	5.6051e-05	-0.000114863
39.95	1	0	-0.000114863
40	0	5.50945e-05	-0.000113886
40	1	0	-0.000113886
40.05	0	5.42615e-05	-0.000113035
40.05	1	0	-0.000113035
40.1	0	5.36183e-05	-0.000112379
40.1	1	0	-0.000112379
40.15	0	5.3212e-05	-0.000111965
40.15	1	0	-0.000111965
40.2	0	5.30704e-05	-0.00011182
40.2	1	0	-0.00011182
40.25	0	5.32029e-05	-0.000111955
40.25	1	0	-0.000111955
40.3	0	5.36007e-05	-0.000112361
40.3	1	0	-0.000112361
40.35	0	5.42367e-05	-0.00011301
40.35	1	0	-0.00011301
40.4	0	5.50643e-05	-0.000113855
40.4	1	0	-0.000113855
40.45	0	5.6018e-05	-0.00011483
40.45	1	0	-0.00011483
40.5	0	5.70144e-05	-0.000115849
40.5	1	0	-0.000115849
40.55	0	5.79575e-05	-0.000116816
40.55	1	0	-0.000116816
40.6	0	5.87473e-05	-0.000117626
40.6	1	0	-0.000117626
40.65	0	5.92931e-05	-0.000118187
40.65	1	0	-0.000118187
40.7	0	5.95285e-05	-0.000118429
40.7	1	0	-0.000118429
40.75	0	5.94239e-05	-0.000118321
40.75	1	0	-0.000118321
40.8	0	5.89925e-05	-0.000117878
40.8	1	0	-0.000117878
40.85	0	5.82876e-05	-0.000117154
40.85	1	0	-0.000117154
40.9	0	5.73924e-05	-0.000116237
40.9	1	0	-0.000116237
40.95	0	5.64048e-05	-0.000115225
40.95	1	0	-0.000115225
41	0	5.54238e-05	-0.000114222
41	1	0	-0.000114222
41.05	0	5.45384e-05	-0.000113318
41.05	1	0	-0.000113318
41.1	0	5.38215e-05	-0.000112586
41.1	1	0	-0.000112586
41.15	0	5.33269e-05	-0.000112082
41.15	1	0	-0.000112082
41.2	0	5.30893e-05	-0.00011184
41.2	1	0	-0.00011184
41.25	0	5.31246e-05	-0.000111876
41.25	1	0	-0.000111876
41.3	0	5.34305e-05	-0.000112187
41.3	1	0	-0.000112187
41.35	0	5.39863e-05	-0.000112754
41.35	1	0	-0.000112754
41.4	0	5.47524e-05	-0.000113536
41.4	1	0	-0.000113536
41.45	0	5.567e-05	-0.000114474
41.45	1	0	-0.000114474
41.5	0	5.66618e-05	-0.000115488
41.5	1	0	-0.000115488
41.55	0	5.76353e-05	-0.000116486
41.55	1	0	-0.000116486
41.6	0	5.84906e-05	-0.000117363
41.6	1	0	-0.000117363
41.65	0	5.91322e-05	-0.000118021
41.65	1	0	-0.000118021
41.7	0	5.94833e-05	-0.000118382
41.7	1	0	-0.000118382
41.75	0	5.95e-05	-0.000118399
41.75	1	0	-0.000118399
41.8	0	5.91804e-05	-0.000118071
41.8	1	0	-0.000118071
41.85	0	5.85643e-05	-0.000117438
41.85	1	0	-0.000117438
41.9	0	5.77259e-05	-0.000116578
41.9	1	0	-0.000116578
41.95	0	5.67595e-05	-0.000115588
41.95	1	0	-0.000115588
42	0	5.57652e-05	-0.000114571
42	1	0	-0.000114571
42.05	0	5.48366e-05	-0.000113622
42.05	1	0	-0.000113622
42.1	0	5.40528e-05	-0.000112822
42.1	1	0	-0.000112822
42.15	0	5.34744e-05	-0.000112232
42.15	1	0	-0.000112232
42.2	0	5.31428e-05	-0.000111894
42.2	1	0	-0.000111894
42.25	0	5.30806e-05	-0.000111831
42.25	1	0	-0.000111831
42.3	0	5.32919e-05	-0.000112046
42.3	1	0	-0.000112046
42.35	0	5.37625e-05	-0.000112526
42.35	1	0	-0.000112526
42.4	0	5.44597e-05	-0.000113237
42.4	1	0	-0.000113237
42.45	0	5.53315e-05	-0.000114128
42.45	1	0	-0.000114128
42.5	0	5.63069e-05	-0.000115125
42.5	1	0	-0.000115125
42.55	0	5.72981e-05	-0.00011614
42.55	1	0	-0.00011614
42.6	0	5.82069e-05	-0.000117072
42.6	1	0	-0.000117072
42.65	0	5.89344e-05	-0.000117818
42.65	1	0	-0.000117818
42.7	0	5.93955e-05	-0.000118292
42.7	1	0	-0.000118292
42.75	0	5.95334e-05	-0.000118434
42.75	1	0	-0.000118434
42.8	0	5.93306e-05	-0.000118225
42.8	1	0	-0.000118225
42.85	0	5.88128e-05	-0.000117693
42.85	1	0	-0.000117693
42.9	0	5.80432e-05	-0.000116904
42.9	1	0	-0.000116904
42.95	0	5.71107e-05	-0.000115948
42.95	1	0	-0.000115948
43	0	5.61151e-05	-0.000114929
43	1	0	-0.000114929
43.05	0	5.51533e-05	-0.000113946
43.05	1	0	-0.000113946
43.1	0	5.43102e-05	-0.000113085
43.1	1	0	-0.000113085
43.15	0	5.36531e-05	-0.000112414
43.15	1	0	-0.000112414
43.2	0	5.32304e-05	-0.000111983
43.2	1	0	-0.000111983
43.25	0	5.30712e-05	-0.000111821
43.25	1	0	-0.000111821
43.3	0	5.31861e-05	-0.000111938
43.3	1	0	-0.000111938
43.35	0	5.35675e-05	-0.000112327
43.35	1	0	-0.000112327
43.4	0	5.41892e-05	-0.000112961
43.4	1	0	-0.000112961
43.45	0	5.50063e-05	-0.000113796
43.45	1	0	-0.000113796
43.5	0	5.59541e-05	-0.000114764
43.5	1	0	-0.000114764
43.55	0	5.69506e-05	-0.000115784
43.55	1	0	-0.000115784
43.6	0	5.79002e-05	-0.000116757
43.6	1	0	-0.000116757
43.65	0	5.87028e-05	-0.00011758
43.65	1	0	-0.00011758
43.7	0	5.92667e-05	-0.00011816
43.7	1	0	-0.00011816
43.75	0	5.95235e-05	-0.000118423
43.75	1	0	-0.000118423
43.8	0	5.94409e-05	-0.000118339
43.8	1	0	-0.000118339
43.85	0	5.90293e-05	-0.000117916
43.85	1	0	-0.000117916
43.9	0	5.83399e-05	-0.000117208
43.9	1	0	-0.000117208
43.95	0	5.74541e-05	-0.0001163
43.95	1	0	-0.0001163
44	0	5.64694e-05	-0.000115291
44	1	0	-0.000115291
44.05	0	5.54851e-05	-0.000114285
44.05	1	0	-0.000114285
44.1	0	5.45911e-05	-0.000113372
44.1	1	0	-0.000113372
44.15	0	5.38615e-05	-0.000112627
44.15	1	0	-0.000112627
44.2	0	5.33513e-05	-0.000112107
44.2	1	0	-0.000112107
44.25	0	5.30965e-05	-0.000111847
44.25	1	0	-0.000111847
44.3	0	5.31141e-05	-0.000111865
44.3	1	0	-0.000111865
44.35	0	5.34029e-05	-0.000112159
44.35	1	0	-0.000112159
44.4	0	5.39435e-05	-0.000112711
44.4	1	0	-0.000112711
44.45	0	5.46976e-05	-0.00011348
44.45	1	0	-0.00011348
44.5	0	5.56076e-05	-0.00011441
44.5	1	0	-0.00011441
44.55	0	5.65973e-05	-0.000115422
44.55	1	0	-0.000115422
44.6	0	5.75749e-05	-0.000116424
44.6	1	0	-0.000116424
44.65	0	5.84409e-05	-0.000117312
44.65	1	0	-0.000117312
44.7	0	5.90989e-05	-0.000117987
44.7	1	0	-0.000117987
44.75	0	5.94704e-05	-0.000118369
44.75	1	0	-0.000118369
44.8	0	5.95093e-05	-0.000118409
44.8	1	0	-0.000118409
44.85	0	5.92106e-05	-0.000118102
44.85	1	0	-0.000118102
44.9	0	5.86117e-05	-0.000117487
44.9	1	0	-0.000117487
44.95	0	5.77849e-05	-0.000116639
44.95	1	0	-0.000116639
45	0	5.68238e-05	-0.000115654
45	1	0	-0.000115654
45.05	0	5.58284e-05	-0.000114636
45.05	1	0	-0.000114636
45.1	0	5.4893e-05	-0.00011368
45.1	1	0	-0.00011368
45.15	0	5.40977e-05	-0.000112868
45.15	1	0	-0.000112868
45.2	0	5.35046e-05	-0.000112263
45.2	1	0	-0.000112263
45.25	0	5.31562e-05	-0.000111908
45.25	1	0	-0.000111908
45.3	0	5.30763e-05	-0.000111826
45.3	1	0	-0.000111826
45.35	0	5.32702e-05	-0.000112024
45.35	1	0	-0.000112024
45.4	0	5.37248e-05	-0.000112488
45.4	1	0	-0.000112488
45.45	0	5.44088e-05	-0.000113185
45.45	1	0	-0.000113185
45.5	0	5.52713e-05	-0.000114066
45.5	1	0	-0.000114066
45.55	0	5.62424e-05	-0.000115059
45.55	1	0	-0.000115059
45.6	0	5.72356e-05	-0.000116076
45.6	1	0	-0.000116076
45.65	0	5.81527e-05	-0.000117016
45.65	1	0	-0.000117016
45.7	0	5.88947e-05	-0.000117777
45.7	1	0	-0.000117777
45.75	0	5.93751e-05	-0.000118271
45.75	1	0	-0.000118271
45.8	0	5.95348e-05	-0.000118435
45.8	1	0	-0.000118435
45.85	0	5.93537e-05	-0.000118249
45.85	1	0	-0.000118249
45.9	0	5.88547e-05	-0.000117736
45.9	1	0	-0.000117736
45.95	0	5.80988e-05	-0.000116961
45.95	1	0	-0.000116961
46	0	5.71739e-05	-0.000116013
46	1	0	-0.000116013
46.05	0	5.61794e-05	-0.000114995
46.05	1	0	-0.000114995
46.1	0	5.52126e-05	-0.000114006
46.1	1	0	-0.000114006
46.15	0	5.43596e-05	-0.000113135
46.15	1	0	-0.000113135
46.2	0	5.36888e-05	-0.000112451
46.2	1	0	-0.000112451
46.25	0	5.325e-05	-0.000112003
46.25	1	0	-0.000112003
46.3	0	5.30732e-05	-0.000111823
46.3	1	0	-0.000111823
46.35	0	5.31705e-05	-0.000111922
46.35	1	0	-0.000111922
46.4	0	5.35352e-05	-0.000112294
46.4	1	0	-0.000112294
46.45	0	5.41426e-05	-0.000112914
46.45	1	0	-0.000112914
46.5	0	5.49488e-05	-0.000113737
46.5	1	0	-0.000113737
46.55	0	5.58905e-05	-0.000114699
46.55	1	0	-0.000114699
46.6	0	5.68866e-05	-0.000115719
46.6	1	0	-0.000115719
46.65	0	5.78423e-05	-0.000116698
46.65	1	0	-0.000116698
46.7	0	5.86573e-05	-0.000117534
46.7	1	0	-0.000117534
46.75	0	5.9239e-05	-0.000118131
46.75	1	0	-0.000118131
46.8	0	5.9517e-05	-0.000118417
46.8	1	0	-0.000118417
46.85	0	5.94565e-05	-0.000118355
46.85	1	0	-0.000118355
46.9	0	5.9065e-05	-0.000117952
46.9	1	0	-0.000117952
46.95	0	5.83913e-05	-0.000117261
46.95	1	0	-0.000117261
47	0	5.75153e-05	-0.000116363
47	1	0	-0.000116363
47.05	0	5.6534e-05	-0.000115358
47.05	1	0	-0.000115358
47.1	0	5.55468e-05	-0.000114348
47.1	1	0	-0.000114348
47.15	0	5.46446e-05	-0.000113426
47.15	1	0	-0.000113426
47.2	0	5.39025e-05	-0.000112669
47.2	1	0	-0.000112669
47.25	0	5.33769e-05	-0.000112133
47.25	1	0	-0.000112133
47.3	0	5.31048e-05	-0.000111855
47.3	1	0	-0.000111855
47.35	0	5.31046e-05	-0.000111855
47.35	1	0	-0.000111855
47.4	0	5.33763e-05	-0.000112132
47.4	1	0	-0.000112132
47.45	0	5.39016e-05	-0.000112668
47.45	1	0	-0.000112668
47.5	0	5.46435e-05	-0.000113425
47.5	1	0	-0.000113425
47.55	0	5.55456e-05	-0.000114347
47.55	1	0	-0.000114347
47.6	0	5.65327e-05	-0.000115356
47.6	1	0	-0.000115356
47.65	0	5.75141e-05	-0.000116361
47.65	1	0	-0.000116361
47.7	0	5.83903e-05	-0.00011726
47.7	1	0	-0.00011726
47.75	0	5.90643e-05	-0.000117952
47.75	1	0	-0.000117952
47.8	0	5.94562e-05	-0.000118354
47.8	1	0	-0.000118354
47.85	0	5.95172e-05	-0.000118417
47.85	1	0	-0.000118417
47.9	0	5.92395e-05	-0.000118132
47.9	1	0	-0.000118132
47.95	0	5.86582e-05	-0.000117535
47.95	1	0	-0.000117535
48	0	5.78434e-05	-0.000116699
48	1	0	-0.000116699
48.05	0	5.68879e-05	-0.00011572
48.05	1	0	-0.00011572
48.1	0	5.58918e-05	-0.000114701
48.1	1	0	-0.000114701
48.15	0	5.49499e-05	-0.000113738
48.15	1	0	-0.000113738
48.2	0	5.41435e-05	-0.000112915
48.2	1	0	-0.000112915
48.25	0	5.35359e-05	-0.000112295
48.25	1	0	-0.000112295
48.3	0	5.31708e-05	-0.000111923
48.3	1	0	-0.000111923
48.35	0	5.30732e-05	-0.000111823
48.35	1	0	-0.000111823
48.4	0	5.32496e-05	-0.000112003
48.4	1	0	-0.000112003
48.45	0	5.36881e-05	-0.00011245
48.45	1	0	-0.00011245
48.5	0	5.43586e-05	-0.000113134
48.5	1	0	-0.000113134
48.55	0	5.52115e-05	-0.000114005
48.55	1	0	-0.000114005
48.6	0	5.61781e-05	-0.000114993
48.6	1	0	-0.000114993
48.65	0	5.71727e-05	-0.000116011
48.65	1	0	-0.000116011
48.7	0	5.80977e-05	-0.00011696
48.7	1	0	-0.00011696
48.75	0	5.88538e-05	-0.000117736
48.75	1	0	-0.000117736
48.8	0	5.93533e-05	-0.000118249
48.8	1	0	-0.000118249
48.85	0	5.95348e-05	-0.000118435
48.85	1	0	-0.000118435
48.9	0	5.93755e-05	-0.000118271
48.9	1	0	-0.000118271
48.95	0	5.88955e-05	-0.000117778
48.95	1	0	-0.000117778
49	0	5.81538e-05	-0.000117017
49	1	0	-0.000117017
49.05	0	5.72368e-05	-0.000116077
49.05	1	0	-0.000116077
49.1	0	5.62437e-05	-0.000115061
49.1	1	0	-0.000115061
49.15	0	5.52725e-05	-0.000114068
49.15	1	0	-0.000114068
49.2	0	5.44098e-05	-0.000113186
49.2	1	0	-0.000113186
49.25	0	5.37256e-05	-0.000112488
49.25	1	0	-0.000112488
49.3	0	5.32706e-05	-0.000112024
49.3	1	0	-0.000112024
49.35	0	5.30764e-05	-0.000111827
49.35	1	0	-0.000111827
49.4	0	5.3156e-05	-0.000111908
49.4	1	0	-0.000111908
49.45	0	5.3504e-05	-0.000112262
49.45	1	0	-0.000112262
49.5	0	5.40968e-05	-0.000112867
49.5	1	0	-0.000112867
49.55	0	5.48919e-05	-0.000113679
49.55	1	0	-0.000113679
49.6	0	5.58271e-05	-0.000114634
49.6	1	0	-0.000114634
49.65	0	5.68225e-05	-0.000115653
49.65	1	0	-0.000115653
49.7	0	5.77838e-05	-0.000116638
49.7	1	0	-0.000116638
49.75	0	5.86108e-05	-0.000117486
49.75	1	0	-0.000117486
49.8	0	5.921e-05	-0.000118101
49.8	1	0	-0.000118101
49.85	0	5.95091e-05	-0.000118409
49.85	1	0	-0.000118409
49.9	0	5.94707e-05	-0.000118369
49.9	1	0	-0.000118369
49.95	0	5.90995e-05	-0.000117988
49.95	1	0	-0.000117988
50	0	5.84419e-05	-0.000117313
50	1	0	-0.000117313
